 183.808
 184.274
 184.727
 184.649
 183.402
 180.397
 175.201
 167.607
 157.692
 145.827
 132.626
 118.831
 105.199
 92.3836
 80.8601
 70.8548
 62.3782
 55.2945
 49.3871
 44.4142
 40.1537
 36.4312
 33.126
 30.1618
 27.4916
 25.0847
 22.9183
 20.9724
 19.2277
 17.6655
 16.2672
 15.0151
 13.8929
 12.8856
 11.9795
 11.1628
 10.4248
 9.75653
 9.14999
 8.59826
 8.09532
 7.63585
 7.21522
 6.82933
 6.47459
 6.1478
 5.84615
 5.56717
 5.30865
 5.06866
 4.84546
 4.63754
 4.44354
 4.26227
 4.09266
 3.93378
 3.7848
 3.64498
 3.51368
 3.39033
 3.27443
 3.16555
 3.06333
 2.96744
 2.87762
 2.79366
 2.71539
 2.64266
 2.5754
 2.51355
 2.45712
 2.40614
 2.36074
 2.32102
 2.28705
 2.25886
 2.23646
 2.2197
 2.20814
 2.20145
