 29.676
 29.9256
 30.1448
 30.272
 30.1294
 29.5944
 28.5962
 27.112
 25.1811
 22.8868
 20.3577
 17.7423
 15.1879
 12.822
 10.7343
 8.96919
 7.5269
 6.3743
 5.45966
 4.72732
 4.12855
 3.62676
 3.1977
 2.82669
 2.50486
 2.22615
 1.98551
 1.77818
 1.59959
 1.44554
 1.31236
 1.19685
 1.09636
 1.00865
 0.931832
 0.864317
 0.804765
 0.752044
 0.705199
 0.663426
 0.62605
 0.592505
 0.562317
 0.53509
 0.510495
 0.488258
 0.46815
 0.449984
 0.433602
 0.418878
 0.405704
 0.393993
 0.38367
 0.374676
 0.366961
 0.360491
 0.355229
 0.35115
 0.348248
 0.346603
