 7.69754
 7.72578
 7.79262
 7.89085
 8.00253
 8.11859
 8.23327
 8.3418
 8.43933
 8.52172
 8.58553
 8.62758
 8.64513
 8.63608
 8.59885
 8.53243
 8.43655
 8.31158
 8.15869
 7.97945
 7.77604
 7.55123
 7.30825
 7.05053
 6.7817
 6.50555
 6.22582
 5.94608
 5.66962
 5.39936
 5.13781
 4.88708
 4.64881
 4.42417
 4.21384
 4.0181
 3.83681
 3.66949
 3.5154
 3.37365
 3.24328
 3.12325
 3.01253
 2.91011
 2.81505
 2.72649
 2.64365
 2.56585
 2.49247
 2.423
 2.35701
 2.29416
 2.23417
 2.17679
 2.12184
 2.06915
 2.01858
 1.97002
 1.92337
 1.87853
 1.83543
 1.79399
 1.75415
 1.71586
 1.67906
 1.64374
 1.60981
 1.57726
 1.54605
 1.51614
 1.48749
 1.46011
 1.43396
 1.40897
 1.38516
 1.36251
 1.341
 1.3206
 1.30132
 1.28317
 1.26611
 1.25014
 1.23526
 1.22154
 1.20892
 1.19739
 1.18727
 1.17859
 1.17111
 1.16487
