 -3.69104 -1.73664
 -3.64879 -1.72991
 -3.63952 -1.72758
 -3.63591 -1.72451
 -3.63491 -1.72003
 -3.63486 -1.71364
 -3.63517 -1.70489
 -3.63562 -1.69345
 -3.63603 -1.67911
 -3.63626 -1.66173
 -3.63615 -1.64121
 -3.63553 -1.61748
 -3.63422 -1.59051
 -3.63205 -1.5603
 -3.62881 -1.52684
 -3.62432 -1.49021
 -3.61837 -1.45045
 -3.61077 -1.40768
 -3.60132 -1.36202
 -3.58983 -1.31364
 -3.57611 -1.26276
 -3.56 -1.20959
 -3.54133 -1.15438
 -3.51998 -1.09744
 -3.49583 -1.03906
 -3.46879 -0.979578
 -3.4388 -0.91932
 -3.40583 -0.858629
 -3.36987 -0.797864
 -3.33097 -0.737379
 -3.28917 -0.67752
 -3.24458 -0.618629
 -3.19732 -0.561033
 -3.14754 -0.505042
 -3.09544 -0.450948
 -3.04121 -0.399015
 -2.98509 -0.349482
 -2.92734 -0.302558
 -2.86821 -0.258419
 -2.808 -0.217207
 -2.74699 -0.17903
 -2.68548 -0.14396
 -2.62375 -0.11203
 -2.56211 -0.0832411
 -2.50082 -0.0575578
 -2.44017 -0.0349134
 -2.38039 -0.0152115
 -2.32172 0.00167083
 -2.26438 0.0158809
 -2.20854 0.0275858
 -2.15437 0.0369678
 -2.10199 0.0442222
 -2.05152 0.049553
 -2.00302 0.0531683
 -1.95655 0.0552762
 -1.91213 0.0560814
 -1.86976 0.0557842
 -1.82943 0.054575
 -1.79107 0.0526329
 -1.75465 0.0501233
 -1.72008 0.0471961
 -1.68728 0.0439861
 -1.65615 0.0406119
 -1.6266 0.037175
 -1.59851 0.0337606
 -1.57179 0.0304377
 -1.54632 0.0272611
 -1.52201 0.0242711
 -1.49876 0.0214957
 -1.47648 0.0189527
 -1.45508 0.0166503
 -1.43447 0.0145888
 -1.41459 0.0127618
 -1.39538 0.0111584
 -1.37676 0.00976373
 -1.35871 0.00856065
 -1.34116 0.00753042
 -1.32408 0.00665401
 -1.30745 0.00591245
 -1.29123 0.00528742
 -1.27539 0.00476193
 -1.25993 0.00432035
 -1.24482 0.00394862
 -1.23004 0.00363435
 -1.21559 0.00336684
 -1.20146 0.00313705
 -1.18763 0.00293739
 -1.1741 0.00276169
 -1.16086 0.00260495
 -1.1479 0.00246324
 -1.13521 0.00233351
 -1.12279 0.00221343
 -1.11063 0.00210125
 -1.09872 0.00199571
 -1.08706 0.0018959
 -1.07564 0.00180116
 -1.06446 0.00171103
 -1.0535 0.0016252
 -1.04276 0.0015434
 -1.03224 0.00146544
 -1.02192 0.00139118
 -1.01181 0.00132051
 -1.0019 0.00125329
 -0.992178 0.00118939
 -0.982642 0.0011287
 -0.973288 0.00107109
 -0.964109 0.00101644
 -0.955102 0.000964611
 -0.946261 0.00091548
 -0.937582 0.000868925
 -0.929061 0.000824816
 -0.920693 0.000783023
 -0.912475 0.000743427
 -0.904402 0.000705912
 -0.89647 0.000670367
 -0.888676 0.000636688
 -0.881016 0.000604774
 -0.873488 0.000574531
 -0.866086 0.000545868
 -0.858809 0.000518701
 -0.851654 0.000492953
 -0.844616 0.000468541
 -0.837694 0.000445393
 -0.830884 0.00042344
 -0.824185 0.000402616
 -0.817592 0.000382861
 -0.811104 0.000364114
 -0.804718 0.000346322
 -0.798432 0.000329433
 -0.792243 0.000313404
 -0.786149 0.000298182
 -0.780149 0.000283725
 -0.774239 0.00026999
 -0.768419 0.000256939
 -0.762685 0.000244536
 -0.757036 0.000232745
 -0.75147 0.000221532
 -0.745985 0.000210867
 -0.74058 0.000200721
 -0.735253 0.000191067
 -0.730001 0.000181879
 -0.724824 0.000173133
 -0.719721 0.000164806
 -0.714688 0.000156877
 -0.709725 0.000149327
 -0.704831 0.000142136
 -0.700004 0.000135283
 -0.695243 0.000128753
 -0.690546 0.000122529
 -0.685912 0.000116595
 -0.681339 0.000110938
 -0.676828 0.000105543
 -0.672375 0.000100398
 -0.667981 9.54907e-05
 -0.663644 9.08093e-05
 -0.659363 8.63423e-05
 -0.655137 8.20794e-05
 -0.650965 7.80107e-05
 -0.646846 7.41266e-05
 -0.642778 7.04185e-05
 -0.638762 6.68779e-05
 -0.634795 6.34968e-05
 -0.630877 6.02677e-05
 -0.627007 5.71835e-05
 -0.623185 5.42373e-05
 -0.619409 5.14227e-05
 -0.615678 4.87335e-05
 -0.611992 4.61639e-05
 -0.60835 4.37085e-05
 -0.604752 4.13618e-05
 -0.601195 3.9119e-05
 -0.59768 3.69753e-05
 -0.594206 3.49261e-05
 -0.590773 3.29671e-05
 -0.587379 3.10944e-05
 -0.584023 2.93038e-05
 -0.580706 2.75919e-05
 -0.577426 2.59551e-05
 -0.574184 2.43899e-05
 -0.570977 2.28933e-05
 -0.567806 2.14625e-05
 -0.56467 2.00943e-05
 -0.561569 1.87859e-05
 -0.558502 1.75346e-05
 -0.555468 1.63379e-05
 -0.552467 1.51934e-05
 -0.549498 1.40988e-05
 -0.546561 1.3052e-05
 -0.543656 1.20508e-05
 -0.540781 1.10934e-05
 -0.537937 1.01777e-05
 -0.535122 9.30203e-06
 -0.532337 8.46464e-06
 -0.529581 7.66387e-06
 -0.526853 6.89817e-06
 -0.524153 6.16602e-06
 -0.521481 5.46601e-06
 -0.518836 4.79675e-06
 -0.516218 4.15695e-06
 -0.513626 3.54536e-06
 -0.51106 2.96077e-06
 -0.50852 2.40204e-06
 -0.506005 1.86809e-06
 -0.503515 1.35787e-06
 -0.50105 8.70383e-07
 -0.498608 4.04667e-07
 -0.496191 -4.01888e-08
 -0.493797 -4.6506e-07
 -0.491426 -8.70781e-07
 -0.489078 -1.25815e-06
 -0.486752 -1.62794e-06
 -0.484448 -1.98087e-06
 -0.482167 -2.31758e-06
 -0.479907 -2.63866e-06
 -0.477668 -2.94491e-06
 -0.47545 -3.23697e-06
 -0.473252 -3.51542e-06
 -0.471075 -3.78084e-06
 -0.468919 -4.03378e-06
 -0.466782 -4.27475e-06
 -0.464664 -4.50425e-06
 -0.462566 -4.72276e-06
 -0.460487 -4.93074e-06
 -0.458427 -5.12863e-06
 -0.456385 -5.31679e-06
 -0.454362 -5.49564e-06
 -0.452356 -5.66562e-06
 -0.450369 -5.8271e-06
 -0.448399 -5.98043e-06
 -0.446446 -6.12596e-06
 -0.444511 -6.26402e-06
 -0.442592 -6.39492e-06
 -0.44069 -6.51897e-06
 -0.438805 -6.63646e-06
 -0.436936 -6.74766e-06
 -0.435083 -6.85285e-06
 -0.433247 -6.95228e-06
 -0.431425 -7.04619e-06
 -0.42962 -7.13483e-06
 -0.427829 -7.21843e-06
 -0.426054 -7.2972e-06
 -0.424294 -7.37136e-06
 -0.422548 -7.4411e-06
 -0.420817 -7.50662e-06
 -0.419101 -7.56812e-06
 -0.417399 -7.62576e-06
 -0.41571 -7.67972e-06
 -0.414036 -7.73017e-06
 -0.412376 -7.77727e-06
 -0.410729 -7.82117e-06
 -0.409096 -7.86202e-06
 -0.407476 -7.89996e-06
 -0.405869 -7.93513e-06
 -0.404275 -7.96767e-06
 -0.402694 -7.99769e-06
 -0.401125 -8.02532e-06
 -0.399569 -8.05069e-06
 -0.398026 -8.07389e-06
 -0.396495 -8.09505e-06
 -0.394976 -8.11426e-06
 -0.393469 -8.13163e-06
 -0.391974 -8.14726e-06
 -0.39049 -8.16124e-06
 -0.389019 -8.17366e-06
 -0.387559 -8.1846e-06
 -0.38611 -8.19416e-06
 -0.384673 -8.20242e-06
 -0.383246 -8.20945e-06
 -0.381831 -8.21532e-06
 -0.380427 -8.22012e-06
 -0.379033 -8.22392e-06
 -0.37765 -8.22677e-06
 -0.376278 -8.22876e-06
 -0.374917 -8.22993e-06
 -0.373565 -8.23036e-06
 -0.372224 -8.23011e-06
 -0.370893 -8.22922e-06
 -0.369573 -8.22776e-06
 -0.368262 -8.22578e-06
 -0.366961 -8.22334e-06
 -0.36567 -8.22048e-06
 -0.364389 -8.21726e-06
 -0.363117 -8.21372e-06
 -0.361855 -8.2099e-06
 -0.360602 -8.20586e-06
 -0.359359 -8.20164e-06
 -0.358125 -8.19727e-06
 -0.3569 -8.19281e-06
 -0.355684 -8.18829e-06
 -0.354477 -8.18375e-06
 -0.35328 -8.17922e-06
 -0.352091 -8.17476e-06
 -0.350911 -8.17038e-06
 -0.349739 -8.16614e-06
 -0.348576 -8.16205e-06
 -0.347422 -8.15817e-06
 -0.346277 -8.15451e-06
 -0.345139 -8.15111e-06
 -0.34401 -8.14801e-06
 -0.34289 -8.14524e-06
 -0.341777 -8.14282e-06
 -0.340673 -8.14079e-06
 -0.339577 -8.13917e-06
 -0.338489 -8.138e-06
 -0.337409 -8.1373e-06
 -0.336337 -8.13711e-06
 -0.335273 -8.13745e-06
 -0.334216 -8.13834e-06
 -0.333168 -8.13982e-06
 -0.332127 -8.14191e-06
 -0.331093 -8.14464e-06
 -0.330068 -8.14803e-06
 -0.329049 -8.15213e-06
 -0.328039 -8.15694e-06
 -0.327035 -8.1625e-06
 -0.326039 -8.16884e-06
 -0.325051 -8.17598e-06
 -0.32407 -8.18394e-06
 -0.323096 -8.19276e-06
 -0.322129 -8.20247e-06
 -0.321169 -8.21308e-06
 -0.320217 -8.22462e-06
 -0.319272 -8.23713e-06
 -0.318333 -8.25062e-06
 -0.317402 -8.26513e-06
 -0.316478 -8.28069e-06
 -0.31556 -8.29731e-06
 -0.31465 -8.31504e-06
 -0.313746 -8.33389e-06
 -0.312849 -8.35391e-06
 -0.311959 -8.3751e-06
 -0.311076 -8.39752e-06
 -0.310199 -8.42118e-06
 -0.30933 -8.44612e-06
 -0.308467 -8.47236e-06
 -0.30761 -8.49995e-06
 -0.30676 -8.5289e-06
 -0.305917 -8.55926e-06
 -0.305081 -8.59106e-06
 -0.304251 -8.62433e-06
 -0.303427 -8.65911e-06
 -0.30261 -8.69543e-06
 -0.3018 -8.73333e-06
 -0.300996 -8.77285e-06
 -0.300198 -8.81402e-06
 -0.299407 -8.85688e-06
 -0.298622 -8.90148e-06
 -0.297844 -8.94785e-06
 -0.297072 -8.99603e-06
 -0.296307 -9.04608e-06
 -0.295548 -9.09803e-06
 -0.294795 -9.15193e-06
 -0.294049 -9.20783e-06
 -0.293309 -9.26576e-06
 -0.292575 -9.32579e-06
 -0.291848 -9.38797e-06
 -0.291127 -9.45234e-06
 -0.290413 -9.51896e-06
 -0.289705 -9.58788e-06
 -0.289003 -9.65916e-06
 -0.288307 -9.73287e-06
 -0.287618 -9.80905e-06
 -0.286935 -9.88778e-06
 -0.286259 -9.96911e-06
 -0.285589 -1.00531e-05
 -0.284925 -1.01399e-05
 -0.284267 -1.02294e-05
 -0.283616 -1.03218e-05
 -0.282972 -1.04172e-05
 -0.282334 -1.05157e-05
 -0.281702 -1.06172e-05
 -0.281076 -1.07219e-05
 -0.280457 -1.083e-05
 -0.279845 -1.09414e-05
 -0.279239 -1.10562e-05
 -0.27864 -1.11746e-05
 -0.278047 -1.12967e-05
 -0.27746 -1.14225e-05
 -0.276881 -1.15522e-05
 -0.276307 -1.16858e-05
 -0.275741 -1.18235e-05
 -0.275181 -1.19654e-05
 -0.274628 -1.21116e-05
 -0.274082 -1.22622e-05
 -0.273542 -1.24174e-05
 -0.273009 -1.25773e-05
 -0.272483 -1.27421e-05
 -0.271964 -1.29118e-05
 -0.271452 -1.30866e-05
 -0.270947 -1.32667e-05
 -0.270449 -1.34522e-05
 -0.269957 -1.36434e-05
 -0.269473 -1.38403e-05
 -0.268997 -1.40431e-05
 -0.268527 -1.42521e-05
 -0.268065 -1.44674e-05
 -0.26761 -1.46893e-05
 -0.267163 -1.49178e-05
 -0.266722 -1.51533e-05
 -0.26629 -1.5396e-05
 -0.265865 -1.56461e-05
 -0.265448 -1.59038e-05
 -0.265039 -1.61694e-05
 -0.264637 -1.64431e-05
 -0.264243 -1.67253e-05
 -0.263858 -1.70162e-05
 -0.26348 -1.73161e-05
 -0.263111 -1.76253e-05
 -0.26275 -1.79441e-05
 -0.262397 -1.82728e-05
 -0.262053 -1.86119e-05
 -0.261717 -1.89616e-05
 -0.26139 -1.93224e-05
 -0.261072 -1.96946e-05
 -0.260762 -2.00787e-05
 -0.260462 -2.0475e-05
 -0.260171 -2.0884e-05
 -0.259889 -2.13062e-05
 -0.259616 -2.17421e-05
 -0.259353 -2.21922e-05
 -0.2591 -2.2657e-05
 -0.258856 -2.31371e-05
 -0.258623 -2.3633e-05
 -0.258399 -2.41454e-05
 -0.258186 -2.46748e-05
 -0.257983 -2.52221e-05
 -0.257791 -2.57877e-05
 -0.257609 -2.63725e-05
 -0.257439 -2.69773e-05
 -0.257279 -2.76028e-05
 -0.257131 -2.82499e-05
 -0.256994 -2.89196e-05
 -0.256869 -2.96126e-05
 -0.256756 -3.033e-05
 -0.256655 -3.10728e-05
 -0.256566 -3.1842e-05
 -0.25649 -3.26389e-05
 -0.256427 -3.34646e-05
 -0.256377 -3.43203e-05
 -0.25634 -3.52073e-05
 -0.256317 -3.61271e-05
 -0.256307 -3.70813e-05
 -0.256312 -3.80712e-05
 -0.256331 -3.90987e-05
 -0.256365 -4.01655e-05
 -0.256414 -4.12725e-05
 -0.256478 -4.24215e-05
 -0.256558 -4.36154e-05
 -0.256654 -4.48564e-05
 -0.256766 -4.61466e-05
 -0.256895 -4.74886e-05
 -0.257041 -4.88855e-05
 -0.257205 -5.03381e-05
 -0.257387 -5.18509e-05
 -0.257587 -5.34288e-05
 -0.257806 -5.50634e-05
 -0.258044 -5.67669e-05
 -0.258302 -5.85465e-05
 -0.25858 -6.03759e-05
 -0.258878 -6.20361e-05
 -0.259198 -6.37417e-05
 -0.25954 -6.55236e-05
 -0.259904 -6.73801e-05
 -0.260291 -6.93204e-05
 -0.260702 -7.13478e-05
 -0.261136 -7.34622e-05
 -0.261596 -7.56703e-05
 -0.262081 -7.79821e-05
 -0.262592 -8.04033e-05
 -0.26313 -8.29393e-05
 -0.263696 -8.56001e-05
 -0.264291 -8.83921e-05
 -0.264914 -9.1314e-05
 -0.265568 -9.43903e-05
 -0.266253 -9.7617e-05
 -0.266971 -0.000100944
 -0.267721 -0.000104454
 -0.268505 -0.000108112
 -0.269325 -0.000111308
 -0.27018 -0.000113172
 -0.271073 -0.000115083
 -0.272004 -0.000117111
 -0.272975 -0.000119225
 -0.273987 -0.000121479
 -0.275041 -0.000123854
 -0.27614 -0.000126344
 -0.277283 -0.000128983
 -0.278474 -0.000131804
 -0.279714 -0.000134815
 -0.281004 -0.00013804
 -0.282346 -0.000141539
 -0.283742 -0.000145238
 -0.285194 -0.000149179
 -0.286705 -0.000153581
 -0.288277 -0.000157837
 -0.289912 -0.000161975
 -0.291613 -0.000166703
 -0.293383 -0.000170338
 -0.295221 -0.000161587
 -0.297127 -0.000142707
 -0.299111 -0.000122817
 -0.301176 -0.000100604
 -0.303325 -7.73711e-05
 -0.305561 -5.42347e-05
 -0.307896 -2.26003e-05
 -0.310316 3.17173e-05
 -0.31284 8.9502e-05
 -0.31549 0.000173961
 -0.318177 0.000405803
 -0.32098 0.000673806
 -0.32393 0.000991222
 -0.326796 0.00170577
