 -3.01395 -1.46823
 -3.01308 -1.49787
 -3.01356 -1.50066
 -3.01431 -1.50038
 -3.01534 -1.49826
 -3.01655 -1.49443
 -3.01785 -1.48898
 -3.01918 -1.48201
 -3.0205 -1.4735
 -3.02178 -1.46337
 -3.023 -1.45147
 -3.02409 -1.43772
 -3.02499 -1.42203
 -3.02562 -1.40433
 -3.0259 -1.38463
 -3.02572 -1.36291
 -3.025 -1.33918
 -3.02363 -1.31347
 -3.0215 -1.28582
 -3.01851 -1.25629
 -3.01456 -1.22493
 -3.00954 -1.19184
 -3.00335 -1.15712
 -2.9959 -1.12088
 -2.98709 -1.08324
 -2.97684 -1.04431
 -2.96506 -1.00422
 -2.95168 -0.963127
 -2.93665 -0.921163
 -2.9199 -0.878482
 -2.90139 -0.835247
 -2.88109 -0.791613
 -2.85898 -0.747754
 -2.83505 -0.703831
 -2.8093 -0.660023
 -2.78175 -0.616498
 -2.75244 -0.573427
 -2.72142 -0.530979
 -2.68873 -0.489317
 -2.65446 -0.4486
 -2.6187 -0.40898
 -2.58155 -0.370599
 -2.54311 -0.333586
 -2.50351 -0.298063
 -2.46288 -0.264138
 -2.42137 -0.231903
 -2.37911 -0.201437
 -2.33626 -0.172803
 -2.29297 -0.146047
 -2.24939 -0.1212
 -2.20569 -0.0982771
 -2.16201 -0.077277
 -2.1185 -0.0581831
 -2.07531 -0.0409658
 -2.03256 -0.0255796
 -1.9904 -0.0119661
 -1.94893 -5.56638e-05
 -1.90826 0.0102318
 -1.8685 0.0189846
 -1.82972 0.0262983
 -1.79201 0.0322742
 -1.75541 0.0370173
 -1.71997 0.0406356
 -1.68573 0.0432361
 -1.65272 0.0449287
 -1.62094 0.0458211
 -1.5904 0.0460176
 -1.56108 0.0456178
 -1.53297 0.0447166
 -1.50604 0.043403
 -1.48025 0.0417592
 -1.45557 0.0398615
 -1.43196 0.0377781
 -1.40936 0.0355702
 -1.38773 0.0332917
 -1.367 0.030989
 -1.34714 0.0287017
 -1.32808 0.0264627
 -1.30978 0.0242986
 -1.29217 0.0222302
 -1.27522 0.0202729
 -1.25888 0.018438
 -1.2431 0.0167319
 -1.22783 0.0151584
 -1.21305 0.013717
 -1.19871 0.0124057
 -1.18478 0.01122
 -1.17124 0.0101536
 -1.15805 0.00919968
 -1.14519 0.00835019
 -1.13264 0.00759655
 -1.12039 0.0069305
 -1.10841 0.00634342
 -1.09669 0.00582685
 -1.08521 0.0053731
 -1.07397 0.00497466
 -1.06296 0.00462448
 -1.05217 0.00431636
 -1.04158 0.00404461
 -1.0312 0.00380405
 -1.02101 0.00359014
 -1.01101 0.00339898
 -1.0012 0.00322712
 -0.991567 0.00307156
 -0.98211 0.00292983
 -0.972823 0.00279981
 -0.963704 0.00267971
 -0.954749 0.00256804
 -0.945952 0.00246361
 -0.937312 0.00236546
 -0.928824 0.00227277
 -0.920484 0.00218484
 -0.91229 0.00210119
 -0.904237 0.00202136
 -0.896324 0.00194515
 -0.888545 0.0018722
 -0.880899 0.00180228
 -0.873382 0.00173517
 -0.865991 0.00167077
 -0.858723 0.00160896
 -0.851575 0.00154972
 -0.844545 0.00149282
 -0.837629 0.00143818
 -0.830825 0.00138567
 -0.82413 0.00133524
 -0.817542 0.00128681
 -0.811057 0.00124032
 -0.804675 0.00119572
 -0.798392 0.0011529
 -0.792207 0.00111177
 -0.786116 0.00107225
 -0.780118 0.00103429
 -0.77421 0.000997807
 -0.768391 0.000962767
 -0.762659 0.00092909
 -0.757012 0.000896739
 -0.751448 0.00086565
 -0.745964 0.000835752
 -0.74056 0.000807
 -0.735234 0.000779344
 -0.729984 0.00075273
 -0.724808 0.000727126
 -0.719705 0.000702483
 -0.714674 0.000678761
 -0.709712 0.000655929
 -0.704818 0.000633958
 -0.699992 0.000612804
 -0.695231 0.000592434
 -0.690535 0.000572812
 -0.685901 0.000553906
 -0.681329 0.000535691
 -0.676818 0.000518142
 -0.672367 0.000501227
 -0.667973 0.000484922
 -0.663636 0.000469207
 -0.659356 0.000454058
 -0.65513 0.00043945
 -0.650958 0.000425371
 -0.646839 0.000411798
 -0.642772 0.000398706
 -0.638755 0.000386075
 -0.634789 0.000373887
 -0.630871 0.000362128
 -0.627002 0.00035078
 -0.62318 0.000339826
 -0.619404 0.000329251
 -0.615674 0.000319041
 -0.611988 0.000309184
 -0.608346 0.000299663
 -0.604748 0.000290466
 -0.601191 0.000281581
 -0.597677 0.000273
 -0.594203 0.000264711
 -0.590769 0.000256703
 -0.587375 0.000248962
 -0.58402 0.000241479
 -0.580703 0.000234245
 -0.577424 0.000227251
 -0.574181 0.000220487
 -0.570975 0.000213944
 -0.567804 0.000207614
 -0.564668 0.000201491
 -0.561567 0.000195567
 -0.5585 0.000189834
 -0.555466 0.000184285
 -0.552465 0.000178913
 -0.549497 0.000173713
 -0.54656 0.000168679
 -0.543654 0.000163805
 -0.54078 0.000159084
 -0.537935 0.000154512
 -0.535121 0.000150082
 -0.532335 0.000145793
 -0.529579 0.000141638
 -0.526851 0.000137613
 -0.524152 0.000133711
 -0.52148 0.000129929
 -0.518835 0.000126263
 -0.516217 0.000122708
 -0.513625 0.000119261
 -0.511059 0.000115918
 -0.508519 0.000112677
 -0.506004 0.000109534
 -0.503514 0.000106484
 -0.501049 0.000103525
 -0.498608 0.000100654
 -0.49619 9.78671e-05
 -0.493796 9.51628e-05
 -0.491425 9.25379e-05
 -0.489077 8.99906e-05
 -0.486751 8.75175e-05
 -0.484448 8.51162e-05
 -0.482166 8.27843e-05
 -0.479906 8.05195e-05
 -0.477667 7.83197e-05
 -0.475449 7.61828e-05
 -0.473252 7.41068e-05
 -0.471075 7.209e-05
 -0.468918 7.01309e-05
 -0.466781 6.82278e-05
 -0.464664 6.6378e-05
 -0.462566 6.458e-05
 -0.460487 6.2832e-05
 -0.458426 6.11324e-05
 -0.456385 5.94798e-05
 -0.454361 5.78727e-05
 -0.452356 5.63097e-05
 -0.450368 5.47895e-05
 -0.448398 5.3311e-05
 -0.446446 5.18725e-05
 -0.44451 5.04728e-05
 -0.442592 4.91107e-05
 -0.44069 4.77851e-05
 -0.438805 4.64948e-05
 -0.436936 4.52388e-05
 -0.435083 4.40159e-05
 -0.433246 4.28253e-05
 -0.431425 4.16659e-05
 -0.429619 4.05369e-05
 -0.427829 3.94374e-05
 -0.426054 3.83664e-05
 -0.424294 3.7323e-05
 -0.422548 3.63063e-05
 -0.420817 3.53156e-05
 -0.419101 3.43501e-05
 -0.417398 3.3409e-05
 -0.41571 3.24915e-05
 -0.414036 3.15971e-05
 -0.412376 3.07249e-05
 -0.410729 2.98744e-05
 -0.409095 2.90449e-05
 -0.407475 2.82359e-05
 -0.405868 2.74467e-05
 -0.404274 2.66767e-05
 -0.402693 2.59252e-05
 -0.401125 2.51919e-05
 -0.399569 2.4476e-05
 -0.398026 2.37774e-05
 -0.396495 2.30953e-05
 -0.394976 2.24292e-05
 -0.393469 2.17786e-05
 -0.391974 2.1143e-05
 -0.39049 2.05221e-05
 -0.389019 1.99153e-05
 -0.387559 1.93223e-05
 -0.38611 1.87426e-05
 -0.384672 1.8176e-05
 -0.383246 1.7622e-05
 -0.381831 1.70802e-05
 -0.380427 1.65502e-05
 -0.379033 1.60317e-05
 -0.37765 1.55243e-05
 -0.376278 1.50277e-05
 -0.374916 1.45416e-05
 -0.373565 1.40656e-05
 -0.372224 1.35994e-05
 -0.370893 1.31428e-05
 -0.369573 1.26955e-05
 -0.368262 1.22571e-05
 -0.366961 1.18274e-05
 -0.36567 1.14062e-05
 -0.364389 1.09931e-05
 -0.363117 1.05879e-05
 -0.361855 1.01904e-05
 -0.360602 9.80038e-06
 -0.359359 9.41753e-06
 -0.358125 9.04171e-06
 -0.3569 8.67263e-06
 -0.355684 8.31005e-06
 -0.354477 7.95375e-06
 -0.35328 7.60351e-06
 -0.352091 7.25914e-06
 -0.350911 6.92044e-06
 -0.349739 6.5872e-06
 -0.348576 6.25924e-06
 -0.347422 5.93637e-06
 -0.346276 5.6184e-06
 -0.345139 5.30516e-06
 -0.34401 4.99646e-06
 -0.34289 4.69215e-06
 -0.341777 4.39204e-06
 -0.340673 4.09597e-06
 -0.339577 3.80377e-06
 -0.338489 3.51531e-06
 -0.337409 3.23044e-06
 -0.336337 2.94898e-06
 -0.335273 2.67077e-06
 -0.334216 2.39566e-06
 -0.333168 2.1235e-06
 -0.332127 1.85415e-06
 -0.331093 1.58747e-06
 -0.330068 1.32331e-06
 -0.329049 1.06153e-06
 -0.328039 8.02004e-07
 -0.327035 5.44584e-07
 -0.326039 2.8914e-07
 -0.325051 3.5541e-08
 -0.32407 -2.16295e-07
 -0.323096 -4.66553e-07
 -0.322129 -7.15363e-07
 -0.321169 -9.62856e-07
 -0.320217 -1.20916e-06
 -0.319272 -1.4544e-06
 -0.318333 -1.6987e-06
 -0.317402 -1.94219e-06
 -0.316478 -2.18499e-06
 -0.31556 -2.42724e-06
 -0.31465 -2.66905e-06
 -0.313746 -2.91054e-06
 -0.312849 -3.15183e-06
 -0.311959 -3.39306e-06
 -0.311076 -3.63435e-06
 -0.310199 -3.87584e-06
 -0.30933 -4.11765e-06
 -0.308467 -4.3599e-06
 -0.30761 -4.60272e-06
 -0.30676 -4.84623e-06
 -0.305917 -5.09058e-06
 -0.305081 -5.33589e-06
 -0.304251 -5.58227e-06
 -0.303427 -5.82986e-06
 -0.30261 -6.07881e-06
 -0.3018 -6.32924e-06
 -0.300996 -6.58129e-06
 -0.300198 -6.8351e-06
 -0.299407 -7.09082e-06
 -0.298622 -7.34857e-06
 -0.297844 -7.60851e-06
 -0.297072 -7.87078e-06
 -0.296307 -8.13553e-06
 -0.295548 -8.4029e-06
 -0.294795 -8.67307e-06
 -0.294049 -8.94618e-06
 -0.293309 -9.22239e-06
 -0.292575 -9.50186e-06
 -0.291848 -9.78476e-06
 -0.291127 -1.00713e-05
 -0.290413 -1.03616e-05
 -0.289705 -1.06558e-05
 -0.289003 -1.09541e-05
 -0.288307 -1.12568e-05
 -0.287618 -1.1564e-05
 -0.286935 -1.18759e-05
 -0.286259 -1.21928e-05
 -0.285589 -1.25147e-05
 -0.284925 -1.2842e-05
 -0.284267 -1.31748e-05
 -0.283616 -1.35134e-05
 -0.282972 -1.38581e-05
 -0.282334 -1.42089e-05
 -0.281702 -1.45663e-05
 -0.281076 -1.49305e-05
 -0.280457 -1.53016e-05
 -0.279845 -1.56801e-05
 -0.279239 -1.60661e-05
 -0.27864 -1.646e-05
 -0.278047 -1.68621e-05
 -0.27746 -1.72726e-05
 -0.276881 -1.7692e-05
 -0.276307 -1.81202e-05
 -0.275741 -1.85579e-05
 -0.275181 -1.90054e-05
 -0.274628 -1.9463e-05
 -0.274082 -1.99312e-05
 -0.273542 -2.04104e-05
 -0.273009 -2.09009e-05
 -0.272483 -2.14033e-05
 -0.271964 -2.19179e-05
 -0.271452 -2.24451e-05
 -0.270947 -2.29856e-05
 -0.270448 -2.35398e-05
 -0.269957 -2.41084e-05
 -0.269473 -2.46914e-05
 -0.268997 -2.52898e-05
 -0.268527 -2.5904e-05
 -0.268065 -2.65348e-05
 -0.26761 -2.71831e-05
 -0.267162 -2.78496e-05
 -0.266722 -2.8533e-05
 -0.26629 -2.92351e-05
 -0.265865 -2.99572e-05
 -0.265448 -3.07002e-05
 -0.265039 -3.14652e-05
 -0.264637 -3.22533e-05
 -0.264243 -3.30604e-05
 -0.263858 -3.38889e-05
 -0.26348 -3.46203e-05
 -0.263111 -3.53521e-05
 -0.26275 -3.61043e-05
 -0.262397 -3.68788e-05
 -0.262053 -3.76765e-05
 -0.261717 -3.84984e-05
 -0.26139 -3.93443e-05
 -0.261072 -4.0216e-05
 -0.260762 -4.11146e-05
 -0.260462 -4.2041e-05
 -0.260171 -4.29967e-05
 -0.259889 -4.39827e-05
 -0.259616 -4.49991e-05
 -0.259353 -4.60471e-05
 -0.2591 -4.71291e-05
 -0.258856 -4.82465e-05
 -0.258623 -4.94007e-05
 -0.258399 -5.05933e-05
 -0.258186 -5.1826e-05
 -0.257983 -5.31005e-05
 -0.257791 -5.44184e-05
 -0.257609 -5.57815e-05
 -0.257438 -5.71921e-05
 -0.257279 -5.86527e-05
 -0.257131 -6.01661e-05
 -0.256994 -6.17327e-05
 -0.256869 -6.33543e-05
 -0.256756 -6.50351e-05
 -0.256655 -6.6778e-05
 -0.256566 -6.85874e-05
 -0.25649 -7.04682e-05
 -0.256427 -7.2413e-05
 -0.256377 -7.44215e-05
 -0.25634 -7.65071e-05
 -0.256317 -7.86748e-05
 -0.256308 -8.09299e-05
 -0.256312 -8.32795e-05
 -0.256332 -8.57034e-05
 -0.256366 -8.81907e-05
 -0.256415 -9.02397e-05
 -0.256479 -9.17909e-05
 -0.256559 -9.33903e-05
 -0.256655 -9.50508e-05
 -0.256767 -9.67805e-05
 -0.256896 -9.8583e-05
 -0.257042 -0.000100455
 -0.257206 -0.0001024
 -0.257387 -0.000104427
 -0.257587 -0.000106539
 -0.257806 -0.000108742
 -0.258044 -0.000111042
 -0.258302 -0.000113439
 -0.25858 -0.000115927
 -0.258879 -0.000118527
 -0.259199 -0.000121242
 -0.25954 -0.00012408
 -0.259905 -0.000127046
 -0.260292 -0.000130152
 -0.260702 -0.000133404
 -0.261137 -0.000136807
 -0.261596 -0.000140369
 -0.262081 -0.000144104
 -0.262593 -0.000148024
 -0.263131 -0.000152152
 -0.263697 -0.000156493
 -0.264291 -0.000161016
 -0.264915 -0.000165768
 -0.265569 -0.000170771
 -0.266254 -0.000176046
 -0.266972 -0.000181651
 -0.267722 -0.000187573
 -0.268507 -0.000193563
 -0.269327 -0.000199857
 -0.270183 -0.000206522
 -0.271077 -0.000213575
 -0.272009 -0.000221096
 -0.272982 -0.000229063
 -0.273996 -0.000236822
 -0.275054 -0.000243418
 -0.276151 -0.000238715
 -0.277294 -0.000233504
 -0.278485 -0.000227991
 -0.279724 -0.000222396
 -0.281014 -0.000216727
 -0.282356 -0.00021054
 -0.283753 -0.000203868
 -0.285206 -0.000197026
 -0.286717 -0.000189999
 -0.288288 -0.000183006
 -0.289923 -0.000176098
 -0.291626 -0.000167035
 -0.293398 -0.000156769
 -0.295236 -0.000132935
 -0.297147 -0.000105744
 -0.299136 -7.74788e-05
 -0.301205 -4.85815e-05
 -0.303365 -1.2441e-05
 -0.305619 2.95709e-05
 -0.307928 0.000162144
 -0.310327 0.000325012
 -0.312826 0.000498939
 -0.315428 0.000682135
 -0.318146 0.00088343
 -0.320987 0.00110447
 -0.323855 0.00155549
 -0.3268 0.00215388
