 21.72
 22.1093
 22.4591
 22.734
 22.7348
 22.3026
 21.3707
 19.9512
 18.14
 16.0862
 13.9755
 11.9752
 10.2209
 8.76797
 7.63257
 6.75721
 6.08489
 5.54233
 5.08636
 4.67926
 4.31126
 3.96759
 3.65182
 3.35707
 3.08549
 2.83471
 2.60423
 2.39294
 2.19971
 2.02336
 1.86277
 1.71677
 1.58423
 1.464
 1.35498
 1.25612
 1.16642
 1.085
 1.01107
 0.943909
 0.8829
 0.827491
 0.777189
 0.731556
 0.690195
 0.652753
 0.618908
 0.588373
 0.56089
 0.536229
 0.514183
 0.494566
 0.477214
 0.461987
 0.448766
 0.437455
 0.427993
 0.420349
 0.414564
 0.410825
