 -71817.2
 -98612.4
 -35027.5
 -3236.82
 3552.64
 2642.04
 1236.62
 579.326
 362.66
 285.882
 234.395
 188.139
 150.077
 122.384
 102.613
 88.272
 77.2393
 68.4387
 61.0807
 54.8222
 49.4128
 44.7067
 40.6198
 37.0759
 33.9784
 31.2588
 28.8527
 26.7149
 24.8077
 23.0985
 21.5596
 20.1697
 18.9105
 17.7661
 16.7226
 15.7686
 14.8941
 14.0906
 13.3506
 12.6676
 12.0358
 11.4501
 10.9062
 10.4003
 9.92888
 9.48887
 9.07752
 8.6924
 8.33138
 7.99245
 7.67384
 7.37395
 7.09133
 6.82469
 6.57285
 6.33476
 6.10944
 5.896
 5.69367
 5.50181
 5.31996
 5.14801
 4.98641
 4.83648
 4.70081
 4.58375
 4.49135
 4.42996
 4.40187
 4.39778
