 -3.23048e-14 -2.41457e-14
 -15.1345 -11.6608
 -18.712 -14.1555
 -20.1342 -14.9591
 -21.122 -15.3745
 -21.8814 -15.5513
 -22.5099 -15.5613
 -23.0566 -15.4414
 -23.5502 -15.2154
 -23.9812 -14.8817
 -24.3723 -14.4604
 -24.699 -13.9466
 -24.9806 -13.3595
 -25.2041 -12.7011
 -25.3621 -11.9799
 -25.4461 -11.204
 -25.4616 -10.3868
 -25.4009 -9.53763
 -25.2613 -8.66859
 -25.0405 -7.79167
 -24.7432 -6.91942
 -24.3708 -6.06302
 -23.927 -5.23404
 -23.4178 -4.44322
 -22.8497 -3.69978
 -22.2329 -3.01128
 -21.5762 -2.38364
 -20.8894 -1.82138
 -20.183 -1.32712
 -19.4669 -0.901472
 -18.7515 -0.543019
 -18.0455 -0.248929
 -17.3569 -0.0151531
 -16.6926 0.163472
 -16.058 0.293047
 -15.4572 0.380284
 -14.8929 0.431935
 -14.3664 0.454619
 -13.8778 0.454652
 -13.4263 0.437927
 -13.0103 0.409613
 -12.6272 0.374066
 -12.2745 0.334882
 -11.9491 0.294914
 -11.6481 0.25623
 -11.3684 0.220255
 -11.1073 0.187868
 -10.8625 0.159475
 -10.6315 0.135135
 -10.4127 0.114654
 -10.2044 0.0976801
 -10.0053 0.0837752
 -9.8145 0.0724709
 -9.6311 0.0633102
 -9.45448 0.0558741
 -9.28412 0.0497979
 -9.11963 0.0447766
 -8.96068 0.040564
 -8.80698 0.0369682
 -8.65831 0.0338442
 -8.51443 0.0310857
 -8.37515 0.0286168
 -8.24027 0.0263837
 -8.10962 0.0243491
 -7.98301 0.0224866
 -7.86028 0.0207774
 -7.74125 0.0192072
 -7.62577 0.0177649
 -7.51368 0.0164408
 -7.40484 0.0152262
 -7.29912 0.014113
 -7.19637 0.0130933
 -7.09648 0.0121596
 -6.99933 0.0113048
 -6.9048 0.0105221
 -6.81279 0.00980516
 -6.7232 0.00914795
 -6.63593 0.00854502
 -6.5509 0.00799133
 -6.46801 0.00748227
 -6.3872 0.00701361
 -6.30838 0.00658153
 -6.23148 0.00618256
 -6.15642 0.00581358
 -6.08316 0.00547179
 -6.01161 0.00515472
 -5.94172 0.00486012
 -5.87344 0.00458603
 -5.80671 0.00433066
 -5.74148 0.00409243
 -5.67769 0.00386992
 -5.61531 0.00366188
 -5.55428 0.00346718
 -5.49456 0.00328478
 -5.43612 0.00311378
 -5.3789 0.00295333
 -5.32287 0.00280267
 -5.268 0.00266111
 -5.21425 0.002528
 -5.16158 0.00240279
 -5.10997 0.00228491
 -5.05938 0.00217389
 -5.00978 0.00206926
 -4.96114 0.00197061
 -4.91344 0.00187754
 -4.86665 0.00178968
 -4.82074 0.00170671
 -4.77569 0.00162831
 -4.73147 0.00155419
 -4.68806 0.00148408
 -4.64544 0.00141774
 -4.60359 0.00135492
 -4.56249 0.00129542
 -4.52211 0.00123903
 -4.48245 0.00118556
 -4.44347 0.00113483
 -4.40517 0.00108669
 -4.36752 0.00104098
 -4.3305 0.000997551
 -4.29411 0.000956283
 -4.25833 0.000917047
 -4.22314 0.000879727
 -4.18852 0.000844215
 -4.15447 0.00081041
 -4.12096 0.000778216
 -4.088 0.000747545
 -4.05555 0.000718313
 -4.02362 0.000690442
 -3.99219 0.000663859
 -3.96124 0.000638494
 -3.93077 0.000614285
 -3.90076 0.000591169
 -3.87121 0.000569089
 -3.8421 0.000547991
 -3.81343 0.000527826
 -3.78518 0.000508544
 -3.75735 0.000490102
 -3.72993 0.000472457
 -3.7029 0.000455569
 -3.67626 0.0004394
 -3.65 0.000423915
 -3.62411 0.000409081
 -3.59859 0.000394866
 -3.57343 0.00038124
 -3.54861 0.000368175
 -3.52414 0.000355643
 -3.5 0.00034362
 -3.47619 0.000332081
 -3.4527 0.000321005
 -3.42953 0.000310369
 -3.40667 0.000300154
 -3.38411 0.00029034
 -3.36184 0.000280909
 -3.33987 0.000271842
 -3.31818 0.000263125
 -3.29678 0.000254742
 -3.27564 0.000246677
 -3.25478 0.000238916
 -3.23418 0.000231447
 -3.21384 0.000224256
 -3.19375 0.000217332
 -3.17392 0.000210663
 -3.15433 0.000204238
 -3.13497 0.000198047
 -3.11586 0.00019208
 -3.09697 0.000186328
 -3.07832 0.000180781
 -3.05989 0.000175431
 -3.04167 0.000170269
 -3.02367 0.000165289
 -3.00589 0.000160483
 -2.98831 0.000155844
 -2.97094 0.000151365
 -2.95376 0.000147039
 -2.93679 0.000142861
 -2.92001 0.000138825
 -2.90342 0.000134925
 -2.88701 0.000131156
 -2.8708 0.000127512
 -2.85476 0.000123989
 -2.8389 0.000120582
 -2.82321 0.000117288
 -2.8077 0.0001141
 -2.79236 0.000111016
 -2.77719 0.000108032
 -2.76217 0.000105143
 -2.74732 0.000102347
 -2.73263 9.9639e-05
 -2.7181 9.7017e-05
 -2.70372 9.44774e-05
 -2.68949 9.20171e-05
 -2.67541 8.96333e-05
 -2.66147 8.73233e-05
 -2.64768 8.50843e-05
 -2.63404 8.29139e-05
 -2.62053 8.08096e-05
 -2.60716 7.87692e-05
 -2.59393 7.67902e-05
 -2.58083 7.48706e-05
 -2.56786 7.30083e-05
 -2.55502 7.12013e-05
 -2.54231 6.94477e-05
 -2.52972 6.77457e-05
 -2.51726 6.60935e-05
 -2.50493 6.44893e-05
 -2.49271 6.29317e-05
 -2.48061 6.1419e-05
 -2.46862 5.99498e-05
 -2.45676 5.85225e-05
 -2.445 5.71358e-05
 -2.43336 5.57883e-05
 -2.42183 5.44788e-05
 -2.41041 5.32059e-05
 -2.39909 5.19686e-05
 -2.38788 5.07656e-05
 -2.37678 4.95959e-05
 -2.36578 4.84584e-05
 -2.35487 4.7352e-05
 -2.34407 4.62757e-05
 -2.33337 4.52287e-05
 -2.32277 4.42099e-05
 -2.31226 4.32186e-05
 -2.30184 4.22538e-05
 -2.29152 4.13147e-05
 -2.28129 4.04005e-05
 -2.27116 3.95104e-05
 -2.26111 3.86438e-05
 -2.25115 3.77998e-05
 -2.24128 3.69779e-05
 -2.23149 3.61772e-05
 -2.22179 3.53973e-05
 -2.21218 3.46374e-05
 -2.20264 3.3897e-05
 -2.19319 3.31755e-05
 -2.18382 3.24723e-05
 -2.17453 3.17869e-05
 -2.16532 3.11187e-05
 -2.15618 3.04673e-05
 -2.14713 2.98322e-05
 -2.13815 2.92128e-05
 -2.12924 2.86088e-05
 -2.12041 2.80197e-05
 -2.11165 2.74451e-05
 -2.10296 2.68845e-05
 -2.09434 2.63375e-05
 -2.0858 2.58038e-05
 -2.07732 2.5283e-05
 -2.06892 2.47748e-05
 -2.06058 2.42787e-05
 -2.0523 2.37944e-05
 -2.0441 2.33217e-05
 -2.03596 2.28601e-05
 -2.02788 2.24095e-05
 -2.01987 2.19694e-05
 -2.01192 2.15396e-05
 -2.00403 2.11198e-05
 -1.99621 2.07098e-05
 -1.98844 2.03092e-05
 -1.98074 1.99178e-05
 -1.9731 1.95355e-05
 -1.96551 1.91618e-05
 -1.95799 1.87967e-05
 -1.95052 1.84398e-05
 -1.9431 1.8091e-05
 -1.93575 1.775e-05
 -1.92845 1.74167e-05
 -1.9212 1.70908e-05
 -1.91401 1.67721e-05
 -1.90687 1.64606e-05
 -1.89979 1.61558e-05
 -1.89276 1.58578e-05
 -1.88578 1.55663e-05
 -1.87885 1.52812e-05
 -1.87198 1.50022e-05
 -1.86515 1.47293e-05
 -1.85837 1.44623e-05
 -1.85164 1.4201e-05
 -1.84497 1.39453e-05
 -1.83833 1.36951e-05
 -1.83175 1.34501e-05
 -1.82522 1.32104e-05
 -1.81873 1.29757e-05
 -1.81228 1.2746e-05
 -1.80589 1.2521e-05
 -1.79953 1.23008e-05
 -1.79323 1.20851e-05
 -1.78696 1.18739e-05
 -1.78074 1.16671e-05
 -1.77457 1.14645e-05
 -1.76844 1.1266e-05
 -1.76235 1.10716e-05
 -1.7563 1.08812e-05
 -1.75029 1.06946e-05
 -1.74432 1.05118e-05
 -1.7384 1.03327e-05
 -1.73252 1.01571e-05
 -1.72667 9.98507e-06
 -1.72087 9.81645e-06
 -1.7151 9.65118e-06
 -1.70937 9.48918e-06
 -1.70369 9.33036e-06
 -1.69803 9.17467e-06
 -1.69242 9.02201e-06
 -1.68685 8.87233e-06
 -1.68131 8.72556e-06
 -1.67581 8.58163e-06
 -1.67034 8.44047e-06
 -1.66491 8.30202e-06
 -1.65951 8.16623e-06
 -1.65416 8.03302e-06
 -1.64883 7.90234e-06
 -1.64354 7.77414e-06
 -1.63829 7.64836e-06
 -1.63306 7.52494e-06
 -1.62787 7.40384e-06
 -1.62272 7.285e-06
 -1.6176 7.16837e-06
 -1.61251 7.0539e-06
 -1.60745 6.94154e-06
 -1.60243 6.83126e-06
 -1.59743 6.723e-06
 -1.59247 6.61671e-06
 -1.58754 6.51237e-06
 -1.58264 6.40991e-06
 -1.57777 6.30932e-06
 -1.57293 6.21053e-06
 -1.56812 6.11352e-06
 -1.56334 6.01825e-06
 -1.55859 5.92467e-06
 -1.55387 5.83276e-06
 -1.54918 5.74248e-06
 -1.54451 5.65379e-06
 -1.53988 5.56666e-06
 -1.53527 5.48106e-06
 -1.5307 5.39695e-06
 -1.52614 5.3143e-06
 -1.52162 5.23308e-06
 -1.51713 5.15327e-06
 -1.51266 5.07483e-06
 -1.50821 4.99774e-06
 -1.5038 4.92196e-06
 -1.49941 4.84747e-06
 -1.49505 4.77424e-06
 -1.49071 4.70225e-06
 -1.4864 4.63147e-06
 -1.48211 4.56188e-06
 -1.47785 4.49344e-06
 -1.47362 4.42615e-06
 -1.4694 4.35997e-06
 -1.46522 4.29489e-06
 -1.46106 4.23087e-06
 -1.45692 4.16791e-06
 -1.4528 4.10597e-06
 -1.44871 4.04504e-06
 -1.44465 3.9851e-06
 -1.44061 3.92612e-06
 -1.43659 3.86809e-06
 -1.43259 3.81099e-06
 -1.42862 3.7548e-06
 -1.42467 3.6995e-06
 -1.42074 3.64507e-06
 -1.41683 3.5915e-06
 -1.41295 3.53877e-06
 -1.40909 3.48687e-06
 -1.40525 3.43577e-06
 -1.40143 3.38546e-06
 -1.39763 3.33593e-06
 -1.39386 3.28716e-06
 -1.3901 3.23914e-06
 -1.38637 3.19184e-06
 -1.38266 3.14526e-06
 -1.37896 3.09939e-06
 -1.37529 3.0542e-06
 -1.37164 3.00969e-06
 -1.36801 2.96584e-06
 -1.3644 2.92264e-06
 -1.36081 2.88008e-06
 -1.35724 2.83814e-06
 -1.35369 2.79681e-06
 -1.35016 2.75608e-06
 -1.34665 2.71595e-06
 -1.34315 2.67638e-06
 -1.33968 2.63739e-06
 -1.33623 2.59895e-06
 -1.33279 2.56105e-06
 -1.32937 2.52369e-06
 -1.32597 2.48685e-06
 -1.32259 2.45052e-06
 -1.31923 2.4147e-06
 -1.31589 2.37937e-06
 -1.31256 2.34452e-06
 -1.30925 2.31015e-06
 -1.30596 2.27625e-06
 -1.30269 2.2428e-06
 -1.29944 2.2098e-06
 -1.2962 2.17723e-06
 -1.29298 2.1451e-06
 -1.28978 2.11339e-06
 -1.28659 2.08209e-06
 -1.28342 2.0512e-06
 -1.28027 2.02071e-06
 -1.27714 1.9906e-06
 -1.27402 1.96088e-06
 -1.27092 1.93153e-06
 -1.26783 1.90255e-06
 -1.26477 1.87393e-06
 -1.26171 1.84567e-06
 -1.25868 1.81775e-06
 -1.25566 1.79016e-06
 -1.25265 1.76291e-06
 -1.24966 1.73599e-06
 -1.24669 1.70938e-06
 -1.24373 1.68309e-06
 -1.24079 1.6571e-06
 -1.23787 1.63142e-06
 -1.23496 1.60602e-06
 -1.23206 1.58092e-06
 -1.22918 1.5561e-06
 -1.22632 1.53155e-06
 -1.22347 1.50727e-06
 -1.22063 1.48326e-06
 -1.21781 1.45951e-06
 -1.21501 1.43601e-06
 -1.21222 1.41276e-06
 -1.20944 1.38975e-06
 -1.20668 1.36698e-06
 -1.20394 1.34444e-06
 -1.2012 1.32213e-06
 -1.19849 1.30005e-06
 -1.19578 1.27818e-06
 -1.19309 1.25652e-06
 -1.19042 1.23507e-06
 -1.18776 1.21382e-06
 -1.18511 1.19277e-06
 -1.18248 1.17192e-06
 -1.17986 1.15125e-06
 -1.17725 1.13077e-06
 -1.17466 1.11047e-06
 -1.17208 1.09034e-06
 -1.16952 1.07039e-06
 -1.16696 1.0506e-06
 -1.16443 1.03098e-06
 -1.1619 1.01151e-06
 -1.15939 9.92198e-07
 -1.15689 9.73036e-07
 -1.15441 9.54021e-07
 -1.15194 9.35147e-07
 -1.14948 9.16411e-07
 -1.14703 8.9781e-07
 -1.1446 8.79338e-07
 -1.14218 8.60993e-07
 -1.13978 8.4277e-07
 -1.13738 8.24666e-07
 -1.135 8.06676e-07
 -1.13263 7.88798e-07
 -1.13028 7.71027e-07
 -1.12793 7.5336e-07
 -1.1256 7.35793e-07
 -1.12329 7.18324e-07
 -1.12098 7.00949e-07
 -1.11869 6.83667e-07
 -1.11641 6.66473e-07
 -1.11414 6.49365e-07
 -1.11188 6.32336e-07
 -1.10964 6.15381e-07
 -1.10741 5.98493e-07
 -1.10519 5.81756e-07
 -1.10298 5.65593e-07
 -1.10079 5.50409e-07
 -1.09861 5.35837e-07
 -1.09644 5.21525e-07
 -1.09428 5.10224e-07
 -1.09213 5.00463e-07
 -1.09 4.90705e-07
 -1.08788 4.83984e-07
 -1.08577 4.81286e-07
 -1.08367 4.7846e-07
 -1.08158 4.76614e-07
 -1.07951 4.78925e-07
 -1.07744 4.89532e-07
 -1.07539 4.99955e-07
 -1.07335 5.14235e-07
 -1.07133 5.33915e-07
 -1.06931 5.57388e-07
 -1.06731 5.93109e-07
 -1.06531 6.28325e-07
 -1.06333 6.73083e-07
 -1.06137 7.26122e-07
 -1.05941 7.87103e-07
 -1.05746 8.63377e-07
 -1.05553 9.49936e-07
 -1.05361 1.06052e-06
 -1.0517 1.17403e-06
 -1.0498 1.30811e-06
 -1.04791 1.4752e-06
 -1.04603 1.69156e-06
 -1.04417 1.9136e-06
 -1.04231 2.16807e-06
 -1.04047 2.53001e-06
 -1.03864 3.00042e-06
 -1.03683 3.53286e-06
 -1.03502 4.24704e-06
 -1.03322 5.19462e-06
 -1.03144 6.11522e-06
 -1.02967 7.06714e-06
 -1.0279 7.47121e-06
 -1.02615 7.16157e-06
 -1.02441 6.23957e-06
 -1.02269 6.19276e-06
 -1.02098 1.0343e-05
 -1.01928 2.57332e-05
 -1.0176 5.59707e-05
