 5.62161e+24
 1.64505e+25
 7.68723e+25
 2.50698e+26
 5.93286e+26
 1.16532e+27
 2.04191e+27
 3.30361e+27
 5.04958e+27
 7.37246e+27
 1.04037e+28
 1.42691e+28
 1.91249e+28
 2.50899e+28
 3.24227e+28
 4.12799e+28
 5.19351e+28
 6.46359e+28
 7.96782e+28
 9.73937e+28
 1.18153e+29
 1.42372e+29
 1.70514e+29
 2.03094e+29
 2.40611e+29
 2.82215e+29
 3.15099e+29
 -3.50711e+29
 4.23538e+29
 5.33778e+29
 6.14598e+29
 7.0984e+29
 8.16794e+29
 9.39589e+29
 1.0784e+30
 1.23506e+30
 1.41152e+30
 1.60981e+30
 1.832e+30
 2.08003e+30
 2.35503e+30
 2.64608e+30
 2.83824e+30
 -2.99833e+30
 3.48172e+30
 4.21242e+30
 4.62535e+30
 5.08281e+30
 5.55601e+30
 6.03099e+30
 6.49638e+30
 6.93792e+30
 7.31361e+30
 7.34476e+30
 -7.11091e+30
 7.56723e+30
 8.3686e+30
 8.28052e+30
 8.11816e+30
 7.82111e+30
 7.36742e+30
 6.7474e+30
 5.95457e+30
 4.98339e+30
 3.83726e+30
 2.5156e+30
 1.02335e+30
 -6.31808e+29
 -2.4396e+30
 -4.38738e+30
 -6.4605e+30
 -8.64265e+30
 -1.09163e+31
 -1.32633e+31
 -1.5665e+31
 -1.81033e+31
 -2.05597e+31
 -2.2952e+31
 -2.49221e+31
 -2.09501e+30
