 489.617
 336.707
 578.913
 762.517
 843.389
 811.07
 679.064
 513.414
 374.172
 282.827
 225.106
 184.025
 151.903
 127.198
 108.025
 92.7979
 80.6278
 70.7644
 62.6341
 55.8451
 50.1049
 45.2448
 41.0632
 37.4376
 34.2747
 31.4986
 29.0468
 26.8664
 24.9391
 23.2109
 21.6534
 20.2431
 18.9778
 17.8267
 16.7761
 15.8155
 14.9352
 14.1266
 13.3819
 12.6938
 12.0555
 11.4701
 10.9257
 10.4183
 9.94515
 9.50327
 9.0897
 8.70132
 8.34094
 8.00212
 7.68301
 7.38235
 7.09883
 6.831
 6.57735
 6.33979
 6.11468
 5.90102
 5.6982
 5.50554
 5.3223
 5.14776
 4.98344
 4.83004
 4.68782
 4.56078
 4.45593
 4.38281
 4.34963
 4.34902
