 1.11973e-09 6.26105e-10
 -6.0373 -3.48148
 -9.32608 -5.35648
 -10.7924 -6.16232
 -11.7939 -6.68369
 -12.3246 -6.91939
 -12.8211 -7.11694
 -13.2097 -7.23457
 -13.5172 -7.28739
 -13.7939 -7.30311
 -14.0322 -7.27802
 -14.2417 -7.21826
 -14.4184 -7.12331
 -14.5607 -6.99456
 -14.6691 -6.83413
 -14.7558 -6.64889
 -14.8286 -6.44301
 -14.885 -6.21701
 -14.9216 -5.97158
 -14.937 -5.70857
 -14.9306 -5.43043
 -14.9016 -5.13951
 -14.8497 -4.83844
 -14.7748 -4.52996
 -14.677 -4.21682
 -14.5565 -3.90179
 -14.4138 -3.58755
 -14.2497 -3.27673
 -14.0651 -2.97187
 -13.8615 -2.6753
 -13.6404 -2.38906
 -13.4038 -2.11485
 -13.1537 -1.85409
 -12.8919 -1.60798
 -12.6204 -1.37759
 -12.3412 -1.16376
 -12.0561 -0.967124
 -11.7672 -0.788049
 -11.4765 -0.626659
 -11.1858 -0.482823
 -10.8969 -0.356173
 -10.6117 -0.246122
 -10.3315 -0.15189
 -10.0577 -0.0725378
 -9.79158 -0.00699695
 -9.53404 0.0458966
 -9.28589 0.0873751
 -9.04769 0.118705
 -8.81979 0.141157
 -8.60241 0.155982
 -8.39553 0.164384
 -8.19905 0.167502
 -8.01268 0.166392
 -7.83605 0.162009
 -7.66872 0.155201
 -7.51016 0.146701
 -7.35984 0.137126
 -7.21719 0.126983
 -7.08164 0.116679
 -6.95265 0.106531
 -6.82966 0.0967742
 -6.7122 0.087574
 -6.59977 0.0790397
 -6.49196 0.0712296
 -6.38835 0.0641651
 -6.28861 0.0578354
 -6.19242 0.0522094
 -6.09949 0.0472407
 -6.00959 0.0428726
 -5.92249 0.0390454
 -5.83801 0.0356969
 -5.75598 0.0327661
 -5.67627 0.0301966
 -5.59876 0.0279358
 -5.52333 0.0259371
 -5.44989 0.0241597
 -5.37835 0.0225688
 -5.30865 0.0211349
 -5.2407 0.0198335
 -5.17445 0.0186448
 -5.10984 0.0175527
 -5.0468 0.0165441
 -4.98528 0.0156086
 -4.92523 0.0147379
 -4.8666 0.0139252
 -4.80935 0.0131647
 -4.75342 0.0124517
 -4.69878 0.0117823
 -4.64537 0.011153
 -4.59316 0.010561
 -4.54211 0.0100033
 -4.49219 0.00947789
 -4.44335 0.00898249
 -4.39556 0.00851529
 -4.34879 0.00807463
 -4.303 0.00765896
 -4.25817 0.00726678
 -4.21427 0.00689675
 -4.17127 0.00654761
 -4.12913 0.00621819
 -4.08784 0.0059074
 -4.04736 0.00561421
 -4.00769 0.00533761
 -3.96878 0.0050767
 -3.93062 0.00483056
 -3.89319 0.00459831
 -3.85647 0.00437912
 -3.82043 0.00417222
 -3.78506 0.00397688
 -3.75034 0.00379242
 -3.71625 0.00361817
 -3.68278 0.00345352
 -3.6499 0.00329789
 -3.61761 0.00315074
 -3.58588 0.00301157
 -3.5547 0.00287987
 -3.52406 0.00275518
 -3.49395 0.00263708
 -3.46434 0.00252516
 -3.43523 0.00241904
 -3.40661 0.00231838
 -3.37846 0.00222283
 -3.35077 0.0021321
 -3.32353 0.00204588
 -3.29673 0.00196391
 -3.27036 0.00188593
 -3.24441 0.00181171
 -3.21887 0.00174104
 -3.19372 0.00167371
 -3.16897 0.00160954
 -3.14459 0.00154833
 -3.12059 0.00148994
 -3.09695 0.00143418
 -3.07367 0.00138094
 -3.05073 0.00133006
 -3.02813 0.00128143
 -3.00587 0.00123493
 -2.98393 0.00119045
 -2.96231 0.00114788
 -2.941 0.00110712
 -2.91999 0.00106809
 -2.89928 0.00103069
 -2.87886 0.000994859
 -2.85873 0.000960506
 -2.83888 0.000927567
 -2.8193 0.000895975
 -2.79999 0.000865665
 -2.78095 0.000836579
 -2.76216 0.000808661
 -2.74362 0.000781855
 -2.72533 0.00075611
 -2.70728 0.000731377
 -2.68947 0.000707609
 -2.67189 0.000684761
 -2.65454 0.000662793
 -2.63742 0.000641664
 -2.62051 0.000621338
 -2.60382 0.00060178
 -2.58734 0.000582956
 -2.57107 0.000564834
 -2.555 0.000547384
 -2.53913 0.000530577
 -2.52346 0.000514387
 -2.50797 0.000498787
 -2.49268 0.000483752
 -2.47757 0.000469258
 -2.46265 0.000455281
 -2.4479 0.000441801
 -2.43333 0.000428797
 -2.41893 0.00041625
 -2.40471 0.000404141
 -2.39064 0.000392452
 -2.37674 0.000381166
 -2.36301 0.000370268
 -2.34943 0.000359742
 -2.336 0.000349572
 -2.32273 0.000339746
 -2.30961 0.000330249
 -2.29663 0.000321069
 -2.2838 0.000312195
 -2.27111 0.000303614
 -2.25857 0.000295315
 -2.24616 0.000287287
 -2.23388 0.00027952
 -2.22174 0.000272004
 -2.20973 0.000264729
 -2.19785 0.000257687
 -2.1861 0.000250869
 -2.17447 0.000244266
 -2.16297 0.000237872
 -2.15158 0.000231678
 -2.14032 0.000225677
 -2.12917 0.000219862
 -2.11814 0.000214226
 -2.10722 0.000208762
 -2.09642 0.000203465
 -2.08572 0.000198328
 -2.07513 0.000193346
 -2.06465 0.000188513
 -2.05428 0.000183825
 -2.04401 0.000179276
 -2.03384 0.000174862
 -2.02377 0.000170577
 -2.0138 0.000166418
 -2.00393 0.00016238
 -1.99415 0.00015846
 -1.98447 0.000154652
 -1.97489 0.000150954
 -1.96539 0.000147361
 -1.95599 0.00014387
 -1.94668 0.000140478
 -1.93745 0.000137182
 -1.92831 0.000133978
 -1.91926 0.000130864
 -1.91029 0.000127836
 -1.90141 0.000124891
 -1.8926 0.000122028
 -1.88388 0.000119244
 -1.87524 0.000116535
 -1.86668 0.0001139
 -1.85819 0.000111336
 -1.84979 0.000108842
 -1.84145 0.000106414
 -1.8332 0.00010405
 -1.82501 0.00010175
 -1.8169 9.95101e-05
 -1.80886 9.73293e-05
 -1.8009 9.52055e-05
 -1.793 9.31372e-05
 -1.78517 9.11225e-05
 -1.77741 8.91599e-05
 -1.76971 8.72478e-05
 -1.76209 8.53847e-05
 -1.75453 8.35692e-05
 -1.74703 8.17998e-05
 -1.73959 8.00752e-05
 -1.73222 7.8394e-05
 -1.72492 7.6755e-05
 -1.71767 7.5157e-05
 -1.71048 7.35988e-05
 -1.70336 7.20791e-05
 -1.69629 7.0597e-05
 -1.68928 6.91514e-05
 -1.68233 6.77412e-05
 -1.67544 6.63654e-05
 -1.6686 6.50229e-05
 -1.66182 6.3713e-05
 -1.65509 6.24345e-05
 -1.64842 6.11867e-05
 -1.6418 5.99687e-05
 -1.63523 5.87797e-05
 -1.62872 5.76188e-05
 -1.62226 5.64853e-05
 -1.61584 5.53785e-05
 -1.60948 5.42975e-05
 -1.60317 5.32418e-05
 -1.59691 5.22106e-05
 -1.5907 5.12032e-05
 -1.58453 5.02191e-05
 -1.57842 4.92576e-05
 -1.57235 4.83181e-05
 -1.56633 4.74001e-05
 -1.56035 4.65029e-05
 -1.55442 4.56259e-05
 -1.54853 4.47688e-05
 -1.54269 4.39308e-05
 -1.53689 4.31116e-05
 -1.53114 4.23106e-05
 -1.52542 4.15273e-05
 -1.51975 4.07614e-05
 -1.51413 4.00124e-05
 -1.50854 3.92797e-05
 -1.503 3.85631e-05
 -1.49749 3.78621e-05
 -1.49203 3.71763e-05
 -1.48661 3.65054e-05
 -1.48122 3.58488e-05
 -1.47588 3.52064e-05
 -1.47057 3.45777e-05
 -1.4653 3.39624e-05
 -1.46007 3.33602e-05
 -1.45488 3.27707e-05
 -1.44972 3.21936e-05
 -1.4446 3.16286e-05
 -1.43951 3.10754e-05
 -1.43446 3.05338e-05
 -1.42945 3.00034e-05
 -1.42447 2.9484e-05
 -1.41953 2.89754e-05
 -1.41462 2.84771e-05
 -1.40974 2.79891e-05
 -1.4049 2.75111e-05
 -1.40009 2.70427e-05
 -1.39532 2.65839e-05
 -1.39057 2.61343e-05
 -1.38586 2.56938e-05
 -1.38118 2.52621e-05
 -1.37654 2.48391e-05
 -1.37192 2.44245e-05
 -1.36733 2.40181e-05
 -1.36278 2.36197e-05
 -1.35825 2.32293e-05
 -1.35376 2.28464e-05
 -1.3493 2.24711e-05
 -1.34486 2.21031e-05
 -1.34045 2.17423e-05
 -1.33608 2.13884e-05
 -1.33173 2.10414e-05
 -1.32741 2.07011e-05
 -1.32312 2.03673e-05
 -1.31885 2.004e-05
 -1.31461 1.97188e-05
 -1.3104 1.94038e-05
 -1.30622 1.90947e-05
 -1.30207 1.87915e-05
 -1.29794 1.84939e-05
 -1.29383 1.8202e-05
 -1.28976 1.79155e-05
 -1.2857 1.76343e-05
 -1.28168 1.73584e-05
 -1.27768 1.70876e-05
 -1.2737 1.68217e-05
 -1.26975 1.65608e-05
 -1.26582 1.63048e-05
 -1.26192 1.60533e-05
 -1.25804 1.58065e-05
 -1.25419 1.55642e-05
 -1.25036 1.53262e-05
 -1.24655 1.50925e-05
 -1.24277 1.4863e-05
 -1.23901 1.46377e-05
 -1.23527 1.44163e-05
 -1.23156 1.41989e-05
 -1.22786 1.39854e-05
 -1.22419 1.37756e-05
 -1.22054 1.35695e-05
 -1.21692 1.33671e-05
 -1.21331 1.31682e-05
 -1.20973 1.29728e-05
 -1.20617 1.27808e-05
 -1.20263 1.25921e-05
 -1.19911 1.24066e-05
 -1.19561 1.22244e-05
 -1.19213 1.20453e-05
 -1.18867 1.18693e-05
 -1.18523 1.16963e-05
 -1.18181 1.15262e-05
 -1.17841 1.1359e-05
 -1.17503 1.11946e-05
 -1.17168 1.10331e-05
 -1.16834 1.08742e-05
 -1.16501 1.0718e-05
 -1.16171 1.05644e-05
 -1.15843 1.04133e-05
 -1.15517 1.02648e-05
 -1.15192 1.01187e-05
 -1.14869 9.97506e-06
 -1.14548 9.83375e-06
 -1.14229 9.69477e-06
 -1.13912 9.55806e-06
 -1.13597 9.42357e-06
 -1.13283 9.29127e-06
 -1.12971 9.16111e-06
 -1.12661 9.03304e-06
 -1.12352 8.90704e-06
 -1.12045 8.78306e-06
 -1.1174 8.66106e-06
 -1.11437 8.541e-06
 -1.11135 8.42284e-06
 -1.10835 8.30656e-06
 -1.10536 8.19211e-06
 -1.10239 8.07946e-06
 -1.09944 7.96858e-06
 -1.09651 7.85943e-06
 -1.09359 7.75197e-06
 -1.09068 7.64619e-06
 -1.08779 7.54204e-06
 -1.08492 7.4395e-06
 -1.08206 7.33853e-06
 -1.07922 7.23911e-06
 -1.07639 7.1412e-06
 -1.07358 7.04479e-06
 -1.07078 6.94984e-06
 -1.068 6.85632e-06
 -1.06523 6.76422e-06
 -1.06248 6.67349e-06
 -1.05974 6.58413e-06
 -1.05702 6.49609e-06
 -1.05431 6.40937e-06
 -1.05161 6.32392e-06
 -1.04893 6.23975e-06
 -1.04626 6.15681e-06
 -1.04361 6.07509e-06
 -1.04097 5.99456e-06
 -1.03834 5.9152e-06
 -1.03573 5.837e-06
 -1.03313 5.75992e-06
 -1.03055 5.68396e-06
 -1.02798 5.60908e-06
 -1.02542 5.53528e-06
 -1.02287 5.46252e-06
 -1.02034 5.3908e-06
 -1.01782 5.3201e-06
 -1.01531 5.25039e-06
 -1.01282 5.18166e-06
 -1.01033 5.11389e-06
 -1.00787 5.04706e-06
 -1.00541 4.98117e-06
 -1.00296 4.91618e-06
 -1.00053 4.85209e-06
 -0.998113 4.78888e-06
 -0.995705 4.72653e-06
 -0.99331 4.66503e-06
 -0.990926 4.60437e-06
 -0.988555 4.54452e-06
 -0.986195 4.48548e-06
 -0.983847 4.42723e-06
 -0.981511 4.36976e-06
 -0.979186 4.31305e-06
 -0.976873 4.25709e-06
 -0.974571 4.20187e-06
 -0.97228 4.14737e-06
 -0.970001 4.09359e-06
 -0.967733 4.0405e-06
 -0.965476 3.9881e-06
 -0.96323 3.93639e-06
 -0.960996 3.88533e-06
 -0.958772 3.83493e-06
 -0.956559 3.78517e-06
 -0.954356 3.73603e-06
 -0.952165 3.68752e-06
 -0.949984 3.63962e-06
 -0.947814 3.59231e-06
 -0.945654 3.54559e-06
 -0.943505 3.49944e-06
 -0.941366 3.45387e-06
 -0.939237 3.40885e-06
 -0.937119 3.36437e-06
 -0.935011 3.32044e-06
 -0.932913 3.27703e-06
 -0.930825 3.23414e-06
 -0.928747 3.19176e-06
 -0.926679 3.14989e-06
 -0.924621 3.10851e-06
 -0.922573 3.06762e-06
 -0.920535 3.02719e-06
 -0.918506 2.98722e-06
 -0.916487 2.94771e-06
 -0.914478 2.90866e-06
 -0.912478 2.87003e-06
 -0.910488 2.83186e-06
 -0.908507 2.79412e-06
 -0.906535 2.75685e-06
 -0.904573 2.72355e-06
 -0.90262 2.7056e-06
 -0.900677 2.68794e-06
 -0.898742 2.67047e-06
 -0.896817 2.65318e-06
 -0.894901 2.63605e-06
 -0.892994 2.61906e-06
 -0.891096 2.60222e-06
 -0.889206 2.58551e-06
 -0.887326 2.56897e-06
 -0.885455 2.55252e-06
 -0.883592 2.53631e-06
 -0.881738 2.52022e-06
 -0.879893 2.50441e-06
 -0.878056 2.48917e-06
 -0.876229 2.54577e-06
 -0.874409 2.60505e-06
 -0.872598 2.66367e-06
 -0.870796 2.72159e-06
 -0.869002 2.77886e-06
 -0.867217 2.83544e-06
 -0.86544 2.8914e-06
 -0.863671 2.9467e-06
 -0.861911 3.00127e-06
 -0.860159 3.05505e-06
 -0.858415 3.10804e-06
 -0.856679 3.1602e-06
 -0.854951 3.21165e-06
 -0.853232 3.26232e-06
 -0.85152 3.31255e-06
 -0.849816 3.36235e-06
 -0.848121 3.41208e-06
 -0.846433 3.4628e-06
 -0.844754 3.72996e-06
 -0.843082 4.12087e-06
 -0.841418 4.50846e-06
 -0.839762 4.89182e-06
 -0.838114 5.27063e-06
 -0.836473 5.64459e-06
 -0.83484 6.01344e-06
 -0.833215 6.37677e-06
 -0.831597 6.73479e-06
 -0.829987 7.08589e-06
 -0.828385 7.42993e-06
 -0.82679 7.76258e-06
 -0.825203 8.0802e-06
 -0.823623 8.37929e-06
 -0.822051 9.93292e-06
 -0.820486 1.18405e-05
 -0.818929 1.37e-05
 -0.817379 1.55304e-05
 -0.815836 1.78052e-05
 -0.814301 2.03947e-05
 -0.812773 2.54624e-05
 -0.811253 3.07722e-05
 -0.80974 4.19745e-05
 -0.808234 5.58264e-05
 -0.806736 8.05506e-05
 -0.805245 0.000115547
