 0.035568
 0.0686851
 0.156201
 0.298498
 0.49571
 0.747756
 1.05218
 1.40741
 1.80889
 2.24992
 2.722
 3.21352
 3.70933
 4.19091
 4.63688
 5.02318
 5.32414
 5.51433
 5.5708
 5.47559
 5.21892
 4.80207
 4.23995
 3.5625
 2.81447
 2.05301
 1.34269
 0.748073
 0.324497
 0.108215
 0.10781
 0.299034
 0.625128
 1.00404
 1.34253
 1.55531
 1.58545
 1.42059
 1.09964
 0.705826
 0.345561
 0.117343
 0.0793849
 0.227241
 0.491489
 0.759652
 0.917462
 0.895162
 0.69937
 0.413961
 0.16513
 0.0628059
 0.145052
 0.35513
 0.567903
 0.65673
 0.566585
 0.349805
 0.137925
 0.060952
