 0.00577611
 0.0978846
 0.370774
 0.823703
 1.45839
 2.27394
 3.27058
 4.44791
 5.8054
 7.34226
 9.05731
 10.949
 13.0151
 15.2528
 17.6585
 20.2277
 22.9547
 25.8329
 28.8541
 32.0086
 35.2853
 38.6712
 42.1514
 45.709
 49.325
 52.9782
 56.6452
 60.3002
 63.9154
 67.4605
 70.9036
 74.2105
 77.3455
 80.2718
 82.9513
 85.3456
 87.4165
 89.1259
 90.438
 91.3184
 91.7359
 91.6631
 91.0774
 89.9616
 88.3056
 86.1063
 83.3692
 80.1088
 76.3493
 72.1249
 67.4802
 62.47
 57.1594
 51.6226
 45.9424
 40.2087
 34.5171
 28.9666
 23.6572
 18.6879
 14.1531
 10.1399
 6.72532
 3.97281
 1.92964
 0.624231
 0.064015
 0.233982
 1.09583
 2.58798
 4.62648
 7.10691
 9.90733
 12.8923
 15.9176
 18.8359
 21.5033
 23.7853
 25.5636
 26.7425
 27.2544
 27.0643
 26.1732
 24.6261
 22.5918
 20.1361
 17.356
 14.4037
 11.4445
 8.64707
 6.17294
 4.16665
 2.74569
 1.99172
 1.94385
 2.59454
 3.88836
 5.72415
 7.96052
 10.4247
 12.9246
 15.2624
 17.2506
 18.7265
 19.5664
 19.6974
 19.1054
 17.8383
 16.0044
 13.7643
 11.3188
 8.89178
 6.71044
 4.98381
 3.88157
 3.51597
 3.92848
 5.08286
 6.86557
 9.09411
