 111.807
 112.392
 113.224
 113.987
 114.229
 113.587
 111.768
 108.595
 104.039
 98.1909
 91.2894
 83.6738
 75.7398
 67.88
 60.4314
 53.632
 47.6146
 42.413
 37.9817
 34.2262
 31.0298
 28.2761
 25.8648
 23.7182
 21.7822
 20.0218
 18.4148
 16.9467
 15.6067
 14.3854
 13.2742
 12.2648
 11.3491
 10.519
 9.76672
 9.08478
 8.46615
 7.90431
 7.39331
 6.92783
 6.50311
 6.11493
 5.75957
 5.43375
 5.13456
 4.85941
 4.60599
 4.37225
 4.15636
 3.95667
 3.77171
 3.60016
 3.44086
 3.29276
 3.15491
 3.02648
 2.90672
 2.79497
 2.69064
 2.59321
 2.50221
 2.41724
 2.33795
 2.264
 2.19515
 2.13114
 2.07178
 2.0169
 1.96636
 1.92007
 1.87796
 1.83999
 1.80609
 1.77623
 1.75038
 1.72854
 1.71066
 1.69669
 1.68651
 1.68038
