 0.376045
 1.25337
 3.78137
 7.90466
 13.6555
 21.055
 30.074
 40.7043
 52.9259
 66.6982
 81.9666
 98.6562
 116.667
 135.869
 156.1
 177.16
 198.807
 220.754
 242.672
 264.184
 284.869
 304.268
 321.89
 337.225
 349.753
 358.968
 364.392
 365.653
 362.268
 354.149
 341.168
 323.395
 301.088
 274.716
 244.943
 212.645
 178.879
 144.847
 111.857
 81.2392
 54.2895
 32.159
 15.7683
 5.74079
 2.29719
 5.20954
 13.8048
 26.9417
 43.1161
 60.5251
 77.2558
 91.4248
 101.39
 105.966
 104.443
 97.0873
 84.5158
 68.2168
 50.1703
 32.5856
 17.6972
 7.33632
 2.74315
 4.30315
 11.3975
 22.5801
 35.6455
 48.1054
 57.5146
 62.0103
 60.6726
 53.6467
 42.3417
 28.9761
 16.3063
 6.90188
 2.65844
 4.32476
 11.1999
 21.5103
