 443.991
 444.088
 441.139
 432.734
 417.668
 395.607
 366.635
 331.632
 292.529
 252.056
 213.164
 178.298
 148.885
 125.203
 106.647
 92.1511
 80.5982
 71.0864
 63.0161
 56.0442
 49.9854
 44.7249
 40.1688
 36.2275
 32.8149
 29.8519
 27.2693
 25.0081
 23.0189
 21.2611
 19.7008
 18.31
 17.065
 15.9464
 14.9374
 14.0241
 13.1946
 12.4386
 11.7477
 11.1143
 10.5322
 9.99567
 9.50009
 9.04126
 8.61557
 8.21981
 7.8512
 7.50726
 7.18579
 6.88485
 6.60269
 6.33778
 6.0887
 5.85423
 5.63322
 5.42468
 5.22768
 5.04141
 4.86512
 4.69817
 4.53995
 4.38996
 4.24774
 4.11292
 3.98519
 3.86434
 3.75021
 3.64277
 3.54206
 3.44824
 3.36156
 3.28239
 3.21124
 3.14874
 3.09572
 3.05317
 3.02193
 3.00197
 2.99158
 2.98709
