 -4.21735 -6.47689
 -7.95514 -9.09057
 -9.47624 -10.0695
 -10.4118 -10.5628
 -11.1423 -10.83
 -11.7738 -10.9428
 -12.3481 -10.9303
 -12.8845 -10.8064
 -13.3896 -10.579
 -13.861 -10.2528
 -14.2912 -9.83215
 -14.6704 -9.32353
 -14.9882 -8.73534
 -15.2342 -8.07814
 -15.3993 -7.36465
 -15.4762 -6.60952
 -15.4601 -5.82886
 -15.3489 -5.03976
 -15.1438 -4.25953
 -14.8489 -3.50508
 -14.4719 -2.79212
 -14.0228 -2.1344
 -13.5144 -1.54318
 -12.961 -1.02667
 -12.378 -0.589758
 -11.7807 -0.233869
 -11.184 0.0428621
 -10.6013 0.245272
 -10.0441 0.38069
 -9.5215 0.45828
 -9.03975 0.488318
 -8.6025 0.481469
 -8.21083 0.448106
 -7.86359 0.397728
 -7.55782 0.338543
 -7.28932 0.27719
 -7.05313 0.218627
 -6.84403 0.16618
 -6.65694 0.121716
 -6.48724 0.0858863
 -6.33101 0.0584204
 -6.18504 0.0384288
 -6.04693 0.0246758
 -5.91496 0.0158075
 -5.78798 0.0105241
 -5.66534 0.00769091
 -5.54666 0.00639423
 -5.43179 0.0059526
 -5.32069 0.00589894
 -5.21335 0.0059444
 -5.10976 0.00593507
 -5.00988 0.00580968
 -4.91363 0.00556359
 -4.8209 0.0052212
 -4.73157 0.00481711
 -4.64548 0.00438485
 -4.56247 0.00395135
 -4.48239 0.00353542
 -4.40508 0.00314808
 -4.33041 0.00279452
 -4.25823 0.00247594
 -4.18843 0.00219103
 -4.12088 0.00193725
 -4.05548 0.00171152
 -3.99212 0.00151076
 -3.93071 0.0013321
 -3.87116 0.00117296
 -3.81339 0.00103108
 -3.75731 0.000904452
 -3.70286 0.000791359
 -3.64997 0.000690282
 -3.59857 0.00059989
 -3.54859 0.000519012
 -3.49998 0.000446619
 -3.45269 0.000381799
 -3.40665 0.000323749
 -3.36183 0.000271759
 -3.31817 0.000225196
 -3.27563 0.0001835
 -3.23417 0.000146173
 -3.19374 0.000112769
 -3.15432 8.28927e-05
 -3.11585 5.6188e-05
 -3.07831 3.23379e-05
 -3.04166 1.10585e-05
 -3.00588 -7.90395e-06
 -2.97093 -2.47751e-05
 -2.93678 -3.9762e-05
 -2.90341 -5.30532e-05
 -2.87079 -6.48166e-05
 -2.83889 -7.52023e-05
 -2.80769 -8.43449e-05
 -2.77717 -9.23659e-05
 -2.74731 -9.93747e-05
 -2.71809 -0.00010547
 -2.68947 -0.000110741
 -2.66146 -0.000115268
 -2.63402 -0.000119124
 -2.60714 -0.000122375
 -2.58081 -0.000125081
 -2.555 -0.000127295
 -2.52971 -0.000129067
 -2.50491 -0.00013044
 -2.48059 -0.000131455
 -2.45673 -0.000132148
 -2.43334 -0.000132552
 -2.41038 -0.000132697
 -2.38786 -0.00013261
 -2.36575 -0.000132316
 -2.34404 -0.000131836
 -2.32273 -0.000131192
 -2.30181 -0.000130401
 -2.28126 -0.00012948
 -2.26107 -0.000128445
 -2.24124 -0.000127308
 -2.22175 -0.000126084
 -2.2026 -0.000124782
 -2.18377 -0.000123413
 -2.16526 -0.000121986
 -2.14707 -0.00012051
 -2.12918 -0.000118993
 -2.11158 -0.00011744
 -2.09428 -0.00011586
 -2.07725 -0.000114256
 -2.0605 -0.000112635
 -2.04402 -0.000111
 -2.02779 -0.000109356
 -2.01183 -0.000107707
 -1.99611 -0.000106057
 -1.98064 -0.000104407
 -1.96541 -0.000102761
 -1.9504 -0.000101121
 -1.93563 -9.94903e-05
 -1.92108 -9.78694e-05
 -1.90674 -9.62606e-05
 -1.89262 -9.46653e-05
 -1.87871 -9.30847e-05
 -1.86499 -9.15195e-05
 -1.85148 -8.99715e-05
 -1.83816 -8.84416e-05
 -1.82504 -8.69305e-05
 -1.81209 -8.54389e-05
 -1.79934 -8.39674e-05
 -1.78675 -8.25164e-05
 -1.77435 -8.10864e-05
 -1.76211 -7.96775e-05
 -1.75005 -7.82902e-05
 -1.73815 -7.69244e-05
 -1.7264 -7.55804e-05
 -1.71482 -7.42583e-05
 -1.70339 -7.2958e-05
 -1.69211 -7.16795e-05
 -1.68098 -7.04228e-05
 -1.67 -6.91878e-05
 -1.65916 -6.79744e-05
 -1.64846 -6.67824e-05
 -1.6379 -6.56117e-05
 -1.62747 -6.44621e-05
 -1.61717 -6.33334e-05
 -1.60701 -6.22254e-05
 -1.59697 -6.11378e-05
 -1.58705 -6.00704e-05
 -1.57726 -5.9023e-05
 -1.56759 -5.79952e-05
 -1.55804 -5.69869e-05
 -1.5486 -5.59976e-05
 -1.53928 -5.50272e-05
 -1.53006 -5.40754e-05
 -1.52096 -5.31418e-05
 -1.51197 -5.22261e-05
 -1.50308 -5.13282e-05
 -1.4943 -5.04476e-05
 -1.48562 -4.9584e-05
 -1.47704 -4.87373e-05
 -1.46856 -4.7907e-05
 -1.46017 -4.70929e-05
 -1.45188 -4.62947e-05
 -1.44369 -4.55121e-05
 -1.43559 -4.47449e-05
 -1.42758 -4.39926e-05
 -1.41966 -4.32551e-05
 -1.41182 -4.2532e-05
 -1.40407 -4.18231e-05
 -1.39641 -4.11281e-05
 -1.38883 -4.04468e-05
 -1.38134 -3.97788e-05
 -1.37392 -3.9124e-05
 -1.36659 -3.8482e-05
 -1.35933 -3.78525e-05
 -1.35215 -3.72355e-05
 -1.34505 -3.66305e-05
 -1.33802 -3.60374e-05
 -1.33106 -3.54559e-05
 -1.32418 -3.48858e-05
 -1.31737 -3.43268e-05
 -1.31063 -3.37788e-05
 -1.30396 -3.32415e-05
 -1.29735 -3.27146e-05
 -1.29082 -3.21981e-05
 -1.28435 -3.16916e-05
 -1.27795 -3.1195e-05
 -1.27161 -3.07081e-05
 -1.26533 -3.02306e-05
 -1.25912 -2.97625e-05
 -1.25296 -2.93034e-05
 -1.24687 -2.88532e-05
 -1.24084 -2.84117e-05
 -1.23487 -2.79788e-05
 -1.22895 -2.75543e-05
 -1.2231 -2.7138e-05
 -1.2173 -2.67298e-05
 -1.21155 -2.63294e-05
 -1.20586 -2.59367e-05
 -1.20023 -2.55516e-05
 -1.19465 -2.5174e-05
 -1.18912 -2.48036e-05
 -1.18364 -2.44403e-05
 -1.17822 -2.4084e-05
 -1.17284 -2.37346e-05
 -1.16752 -2.33919e-05
 -1.16224 -2.30558e-05
 -1.15702 -2.27261e-05
 -1.15184 -2.24027e-05
 -1.14671 -2.20856e-05
 -1.14163 -2.17745e-05
 -1.13659 -2.14694e-05
 -1.1316 -2.11702e-05
 -1.12665 -2.08767e-05
 -1.12175 -2.05888e-05
 -1.11689 -2.03064e-05
 -1.11208 -2.00295e-05
 -1.10731 -1.97579e-05
 -1.10258 -1.94915e-05
 -1.0979 -1.92302e-05
 -1.09325 -1.8974e-05
 -1.08865 -1.87227e-05
 -1.08409 -1.84762e-05
 -1.07956 -1.82345e-05
 -1.07508 -1.79975e-05
 -1.07064 -1.7765e-05
 -1.06623 -1.75371e-05
 -1.06186 -1.73135e-05
 -1.05754 -1.70944e-05
 -1.05324 -1.68795e-05
 -1.04899 -1.66688e-05
 -1.04477 -1.64622e-05
 -1.04059 -1.62597e-05
 -1.03644 -1.60611e-05
 -1.03233 -1.58665e-05
 -1.02826 -1.56758e-05
 -1.02422 -1.54889e-05
 -1.02021 -1.53056e-05
 -1.01624 -1.51261e-05
 -1.0123 -1.49502e-05
 -1.0084 -1.47778e-05
 -1.00453 -1.46089e-05
 -1.00069 -1.44435e-05
 -0.996879 -1.42815e-05
 -0.993105 -1.41229e-05
 -0.989362 -1.39675e-05
 -0.98565 -1.38154e-05
 -0.98197 -1.36665e-05
 -0.97832 -1.35207e-05
 -0.974701 -1.33781e-05
 -0.971113 -1.32386e-05
 -0.967555 -1.31021e-05
 -0.964026 -1.29686e-05
 -0.960527 -1.2838e-05
 -0.957058 -1.27104e-05
 -0.953617 -1.25857e-05
 -0.950205 -1.24638e-05
 -0.946822 -1.23447e-05
 -0.943468 -1.22284e-05
 -0.940141 -1.21149e-05
 -0.936842 -1.20041e-05
 -0.933572 -1.18961e-05
 -0.930328 -1.17906e-05
 -0.927112 -1.16879e-05
 -0.923924 -1.15878e-05
 -0.920762 -1.14902e-05
 -0.917627 -1.13953e-05
 -0.914518 -1.13029e-05
 -0.911436 -1.12131e-05
 -0.908381 -1.11257e-05
 -0.905351 -1.10409e-05
 -0.902347 -1.09586e-05
 -0.899369 -1.08787e-05
 -0.896417 -1.08013e-05
 -0.89349 -1.07264e-05
 -0.890589 -1.06539e-05
 -0.887713 -1.05838e-05
 -0.884862 -1.05161e-05
 -0.882036 -1.04509e-05
 -0.879235 -1.0388e-05
 -0.876458 -1.03276e-05
 -0.873707 -1.02695e-05
 -0.870979 -1.02138e-05
 -0.868277 -1.01606e-05
 -0.865598 -1.01097e-05
 -0.862944 -1.00612e-05
 -0.860315 -1.00151e-05
 -0.857709 -9.97141e-06
 -0.855127 -9.93012e-06
 -0.85257 -9.89124e-06
 -0.850036 -9.85478e-06
 -0.847526 -9.82075e-06
 -0.84504 -9.78916e-06
 -0.842578 -9.76002e-06
 -0.84014 -9.73335e-06
 -0.837725 -9.70916e-06
 -0.835334 -9.68747e-06
 -0.832967 -9.6683e-06
 -0.830624 -9.65167e-06
 -0.828304 -9.6376e-06
 -0.826007 -9.62611e-06
 -0.823735 -9.61724e-06
 -0.821486 -9.61101e-06
 -0.819261 -9.60745e-06
 -0.817059 -9.6066e-06
 -0.814881 -9.60848e-06
 -0.812727 -9.61313e-06
 -0.810597 -9.62059e-06
 -0.808491 -9.63091e-06
 -0.806408 -9.64412e-06
 -0.80435 -9.66027e-06
 -0.802315 -9.67941e-06
 -0.800305 -9.70158e-06
 -0.798319 -9.72685e-06
 -0.796357 -9.75527e-06
 -0.794419 -9.7869e-06
 -0.792506 -9.82179e-06
 -0.790618 -9.86002e-06
 -0.788754 -9.90166e-06
 -0.786915 -9.94677e-06
 -0.785101 -9.99543e-06
 -0.783312 -1.00477e-05
 -0.781548 -1.01037e-05
 -0.77981 -1.01635e-05
 -0.778097 -1.02272e-05
 -0.776411 -1.02949e-05
 -0.77475 -1.03667e-05
 -0.773115 -1.04426e-05
 -0.771506 -1.05229e-05
 -0.769924 -1.06076e-05
 -0.768369 -1.06968e-05
 -0.766841 -1.07907e-05
 -0.76534 -1.08893e-05
 -0.763867 -1.09929e-05
 -0.762421 -1.11016e-05
 -0.761004 -1.12155e-05
 -0.759615 -1.13348e-05
 -0.758254 -1.14597e-05
 -0.756923 -1.15903e-05
 -0.755621 -1.17267e-05
 -0.754349 -1.18693e-05
 -0.753106 -1.20182e-05
 -0.751895 -1.21736e-05
 -0.750714 -1.23357e-05
 -0.749564 -1.25048e-05
 -0.748446 -1.26811e-05
 -0.74736 -1.28648e-05
 -0.746306 -1.30563e-05
 -0.745286 -1.32557e-05
 -0.744298 -1.34635e-05
 -0.743345 -1.36798e-05
 -0.742427 -1.3905e-05
 -0.741544 -1.41395e-05
 -0.740696 -1.43836e-05
 -0.739885 -1.46377e-05
 -0.73911 -1.49022e-05
 -0.738373 -1.51774e-05
 -0.737674 -1.54639e-05
 -0.737014 -1.5762e-05
 -0.736394 -1.60723e-05
 -0.735813 -1.63952e-05
 -0.735274 -1.67313e-05
 -0.734777 -1.70812e-05
 -0.734323 -1.74454e-05
 -0.733912 -1.78245e-05
 -0.733545 -1.82193e-05
 -0.733224 -1.86304e-05
 -0.732949 -1.90585e-05
 -0.732722 -1.95044e-05
 -0.732543 -1.99689e-05
 -0.732413 -2.0453e-05
 -0.732334 -2.09574e-05
 -0.732306 -2.14831e-05
 -0.732332 -2.20313e-05
 -0.732411 -2.26028e-05
 -0.732546 -2.3199e-05
 -0.732738 -2.3821e-05
 -0.732988 -2.44701e-05
 -0.733297 -2.51476e-05
 -0.733668 -2.5855e-05
 -0.734101 -2.65939e-05
 -0.734599 -2.73658e-05
 -0.735163 -2.81726e-05
 -0.735794 -2.90159e-05
 -0.736495 -2.98979e-05
 -0.737268 -3.08207e-05
 -0.738115 -3.17863e-05
 -0.739037 -3.27973e-05
 -0.740037 -3.38562e-05
 -0.741117 -3.49656e-05
 -0.742279 -3.61286e-05
 -0.743527 -3.73481e-05
 -0.744862 -3.86275e-05
 -0.746287 -3.99704e-05
 -0.747805 -4.13806e-05
 -0.749419 -4.28621e-05
 -0.751132 -4.44194e-05
 -0.752947 -4.60571e-05
 -0.754868 -4.77804e-05
 -0.756898 -4.95946e-05
 -0.75904 -5.15057e-05
 -0.761299 -5.352e-05
 -0.763679 -5.56444e-05
 -0.766183 -5.7886e-05
 -0.768817 -6.02531e-05
 -0.771584 -6.27541e-05
 -0.77449 -6.53985e-05
 -0.777539 -6.81962e-05
 -0.780738 -7.11584e-05
 -0.784092 -7.42969e-05
 -0.787606 -7.76248e-05
 -0.791288 -8.1156e-05
 -0.795143 -8.49062e-05
 -0.799178 -8.88919e-05
 -0.803401 -9.31316e-05
 -0.80782 -9.76454e-05
 -0.812442 -0.000102455
 -0.817277 -0.000107585
 -0.822333 -0.000113062
 -0.82762 -0.000118914
 -0.833148 -0.000125174
 -0.838929 -0.000131878
 -0.844972 -0.000139063
 -0.851292 -0.000146775
 -0.8579 -0.000155059
 -0.86481 -0.000163971
 -0.872037 -0.000173568
 -0.879597 -0.000183917
 -0.887506 -0.000195091
 -0.895782 -0.000207173
 -0.904443 -0.000220255
 -0.913511 -0.00023444
 -0.923006 -0.000249845
 -0.932953 -0.000266601
 -0.943375 -0.000284857
 -0.954301 -0.00030478
 -0.965758 -0.000326562
 -0.977778 -0.000350422
 -0.990394 -0.00037661
 -1.00364 -0.000405415
 -1.01756 -0.000437169
 -1.0322 -0.000472258
 -1.04759 -0.000511122
 -1.0638 -0.000554265
 -1.08087 -0.000602261
 -1.09887 -0.000655779
 -1.11786 -0.00071563
 -1.13791 -0.000782825
 -1.1591 -0.000858634
 -1.18151 -0.000944599
 -1.20525 -0.00104248
 -1.23042 -0.00115415
 -1.25713 -0.00128157
 -1.28551 -0.00142704
 -1.31571 -0.00159384
 -1.34788 -0.0017874
 -1.38221 -0.00201647
 -1.4189 -0.00229425
 -1.45818 -0.00263958
 -1.50031 -0.00307835
 -1.54561 -0.00364408
 -1.59448 -0.00437171
 -1.64736 -0.00527472
 -1.70482 -0.00630653
 -1.76741 -0.00733766
 -1.83565 -0.00820741
 -1.90996 -0.00887955
 -1.99086 -0.00962901
 -2.07925 -0.0110929
 -2.1768 -0.0140413
 -2.28608 -0.0188722
 -2.41025 -0.0250515
 -2.55219 -0.0309294
 -2.71353 -0.0344925
 -2.89432 -0.0353243
 -3.09471 -0.0371335
 -3.31901 -0.0492013
 -3.58141 -0.0854422
 -3.91165 -0.160156
 -4.36079 -0.281442
 -5.00998 -0.440494
 -5.98326 -0.585552
 -7.44649 -0.560309
 -9.5356 -0.00705538
 -12.1455 1.68161
 -14.6256 5.1779
 -15.6584 10.685
 -13.7112 17.2989
 -8.07761 22.9157
 0.210386 25.1636
 8.57449 22.9134
 14.3222 17.1232
 16.2226 10.2017
 14.9172 4.45196
 12.065 0.921439
 9.17661 -0.634511
 7.01774 -1.05435
 5.72033 -1.10854
