 10.4673
 16.668
 31.3548
 53.4625
 79.6272
 103.479
 116.286
 109.971
 83.4431
 47.338
 20.563
 15.3867
 23.7637
 25.7286
 16.2773
 10.5131
 13.6974
 12.8542
 8.14044
 9.11578
 8.7244
 6.27929
 7.23127
 5.71711
 5.55241
 5.17775
 4.55759
 4.48712
 3.94531
 3.82784
 3.51906
 3.25042
 3.18157
 2.81327
 2.80579
 2.57944
 2.39926
 2.3597
 2.19335
 2.04662
 1.99044
 1.90678
 1.78598
 1.692
 1.63243
 1.57587
 1.50753
 1.4359
 1.36977
 1.31066
 1.25869
 1.21325
 1.16879
 1.12654
 1.08775
 1.0486
 1.01392
 0.980841
 0.952707
 0.93441
