 754.725
 751.967
 743.419
 723.252
 690.493
 646.175
 591.836
 529.658
 462.804
 395.308
 331.496
 274.95
 227.736
 190.131
 160.969
 138.361
 120.421
 105.707
 93.3084
 82.7177
 73.6418
 65.8711
 59.2207
 53.5175
 48.6062
 44.3531
 40.6479
 37.4002
 34.5373
 31.9999
 29.7397
 27.7169
 25.8988
 24.2581
 22.7718
 21.4208
 20.1888
 19.0619
 18.0283
 17.0778
 16.2015
 15.3919
 14.6422
 13.9465
 13.2999
 12.6976
 12.1358
 11.6108
 11.1194
 10.6588
 10.2265
 9.82019
 9.4378
 9.07749
 8.73757
 8.41653
 8.113
 7.82571
 7.55355
 7.29549
 7.05058
 6.81801
 6.59704
 6.38702
 6.18742
 5.99785
 5.81803
 5.64788
 5.48751
 5.33728
 5.19783
 5.07009
 4.95534
 4.85517
 4.77141
 4.7061
 4.66118
 4.63745
 4.63235
 4.63561
