 16.0052
 16.1984
 16.3933
 16.5598
 16.6071
 16.4546
 16.0588
 15.405
 14.5143
 13.4383
 12.2501
 11.0239
 9.83723
 8.74478
 7.78506
 6.96619
 6.28239
 5.70933
 5.22549
 4.80687
 4.43658
 4.10218
 3.79852
 3.51773
 3.25818
 3.0176
 2.79487
 2.58883
 2.3984
 2.22259
 2.06053
 1.9114
 1.77436
 1.64856
 1.5332
 1.4275
 1.3307
 1.24207
 1.16095
 1.08672
 1.01883
 0.956771
 0.900085
 0.848356
 0.801211
 0.758308
 0.719336
 0.684015
 0.652092
 0.623336
 0.59754
 0.574513
 0.554088
 0.536117
 0.520476
 0.507066
 0.495819
 0.486709
 0.479787
 0.475307
