 -2.04122e-15 -3.36494e-14
 -0.0583257 -1.5072
 -0.1288 -3.53828
 -0.20745 -5.83574
 -0.280699 -7.36277
 -0.364011 -9.11412
 -0.448019 -10.4261
 -0.542569 -11.8326
 -0.65718 -13.4797
 -0.788239 -15.152
 -0.926684 -16.5634
 -1.07977 -17.9374
 -1.24709 -19.2488
 -1.42877 -20.4823
 -1.59961 -21.2694
 -1.81365 -22.4633
 -2.04403 -23.5844
 -2.2966 -24.7077
 -2.56952 -25.8044
 -2.86519 -26.8814
 -3.14669 -27.637
 -3.48715 -28.7041
 -3.8546 -29.769
 -4.25 -30.8283
 -4.67591 -31.8864
 -5.12589 -32.9022
 -5.60914 -33.9291
 -6.12993 -34.9747
 -6.68477 -36.0152
 -7.2723 -37.0338
 -7.89818 -38.0542
 -8.55924 -39.0555
 -9.25841 -40.0443
 -9.99485 -41.012
 -10.7711 -41.9683
 -11.5863 -42.9036
 -12.4403 -43.8122
 -13.3347 -44.6991
 -14.2694 -45.5582
 -15.2436 -46.3852
 -16.2587 -47.1838
 -17.314 -47.9489
 -18.409 -48.6775
 -19.5438 -49.368
 -20.7174 -50.0164
 -21.9296 -50.6218
 -23.1795 -51.1816
 -24.4662 -51.6927
 -25.7884 -52.1525
 -27.1449 -52.5587
 -28.5341 -52.9085
 -29.9546 -53.1994
 -31.4044 -53.429
 -32.8815 -53.5946
 -34.3835 -53.694
 -35.9082 -53.7245
 -37.4528 -53.6838
 -39.0145 -53.5698
 -40.5903 -53.3803
 -42.1768 -53.1132
 -43.7707 -52.7664
 -45.3682 -52.3384
 -46.9654 -51.8275
 -48.5583 -51.2322
 -50.1426 -50.5514
 -51.7137 -49.784
 -53.2671 -48.9292
 -54.798 -47.9866
 -56.3013 -46.9558
 -57.7719 -45.8368
 -59.2047 -44.6301
 -60.5942 -43.3362
 -61.935 -41.9563
 -63.2215 -40.4916
 -64.4482 -38.9439
 -65.6094 -37.3153
 -66.6996 -35.6084
 -67.7132 -33.8261
 -68.6446 -31.9718
 -69.4885 -30.0494
 -70.2395 -28.063
 -70.8925 -26.0173
 -71.4425 -23.9175
 -71.8848 -21.7691
 -72.2149 -19.5781
 -72.4286 -17.351
 -72.5222 -15.0946
 -72.4923 -12.8162
 -72.3357 -10.5233
 -72.0501 -8.22404
 -71.6334 -5.9267
 -71.0841 -3.63993
 -70.4014 -1.37263
 -69.5849 0.86604
 -68.6352 3.06673
 -67.5533 5.21995
 -66.3409 7.31614
 -65.0006 9.34567
 -63.5357 11.2989
 -61.9503 13.1664
 -60.2492 14.9386
 -58.4382 16.6065
 -56.5237 18.1611
 -54.5129 19.5939
 -52.414 20.8967
 -50.2357 22.0621
 -47.9875 23.0827
 -45.6798 23.9525
 -43.3236 24.6655
 -40.9303 25.217
 -38.5121 25.6031
 -36.0817 25.8206
 -33.6522 25.8675
 -31.2369 25.7428
 -28.8495 25.4466
 -26.504 24.9804
 -24.2144 24.3464
 -21.9944 23.5485
 -19.8578 22.5917
 -17.8183 21.4821
 -15.8889 20.2273
 -14.0822 18.836
 -12.4102 17.3183
 -10.8842 15.6853
 -9.51447 13.9492
 -8.31038 12.1236
 -7.28011 10.2228
 -6.43069 8.26202
 -5.76767 6.2575
 -5.29521 4.22597
 -5.01591 2.18478
 -4.93076 0.151702
 -5.03903 -1.85527
 -5.33828 -3.81801
 -5.82426 -5.71851
 -6.49092 -7.53901
 -7.33043 -9.26221
 -8.33317 -10.8714
 -9.48777 -12.3509
 -10.7812 -13.6857
 -12.1988 -14.8624
 -13.7245 -15.8686
 -15.3407 -16.6939
 -17.0289 -17.3294
 -18.7691 -17.7681
 -20.5409 -18.005
 -22.3231 -18.0374
 -24.0938 -17.8648
 -25.8314 -17.4889
 -27.5141 -16.9138
 -29.1205 -16.1462
 -30.6298 -15.195
 -32.0221 -14.0713
 -33.2787 -12.7887
 -34.3823 -11.3628
 -35.3173 -9.81135
 -36.07 -8.15375
 -36.629 -6.41115
 -36.985 -4.60605
 -37.1316 -2.76209
 -37.065 -0.90376
 -36.7842 0.943991
 -36.2912 2.756
 -35.5909 4.50727
 -34.6913 6.17334
 -33.6033 7.73066
 -32.3407 9.15694
 -30.9199 10.4315
 -29.36 11.5357
 -27.6825 12.4531
 -25.9106 13.17
 -24.0697 13.6755
 -22.1863 13.962
 -20.2878 14.025
 -18.4025 13.8636
 -16.5586 13.4805
 -14.7841 12.882
 -13.106 12.078
 -11.5502 11.0819
 -10.1409 9.91049
 -8.89992 8.58362
 -7.84662 7.12412
 -6.99725 5.55734
 -6.3647 3.91076
 -5.95817 2.21356
 -5.78294 0.496154
 -5.84017 -1.21038
 -6.1268 -2.87485
 -6.63551 -4.46651
 -7.35478 -5.95568
 -8.26901 -7.31431
 -9.35872 -8.51657
 -10.6009 -9.53941
 -11.9694 -10.363
 -13.4352 -10.9714
 -14.9672 -11.3526
 -16.5326 -11.4992
 -18.0979 -11.4085
 -19.6289 -11.0826
 -21.0921 -10.5284
 -22.455 -9.75791
 -23.6871 -8.78764
 -24.7603 -7.6386
 -25.6497 -6.33585
 -26.3342 -4.908
 -26.7973 -3.38671
 -27.0269 -1.80599
 -27.0165 -0.201473
 -26.7646 1.39035
 -26.2756 2.93296
 -25.5592 4.39068
 -24.6306 5.72951
 -23.5102 6.91797
 -22.2232 7.92789
 -20.7989 8.7352
 -19.2703 9.32052
 -17.6732 9.66977
 -16.0453 9.77461
 -14.4257 9.63272
 -12.8534 9.248
 -11.3664 8.63058
 -10.0012 7.7966
 -8.79107 6.76801
 -7.76571 5.57196
 -6.95013 4.24029
 -6.36399 2.80866
 -6.0209 1.31571
 -5.92804 -0.197959
 -6.08579 -1.69088
 -6.48763 -3.12182
 -7.12021 -4.45101
 -7.96362 -5.64119
 -8.99183 -6.6588
 -10.1733 -7.47494
 -11.472 -8.06634
 -12.8481 -8.41607
 -14.2592 -8.5142
 -15.6617 -8.35814
 -17.0119 -7.9529
 -18.2673 -7.31102
 -19.3882 -6.4523
 -20.3384 -5.40335
 -21.0872 -4.19683
 -21.6095 -2.87052
 -21.8874 -1.46626
 -21.9107 -0.0286162
 -21.6771 1.39644
 -21.1926 2.76305
 -20.4714 4.02691
 -19.5357 5.1468
 -18.4147 6.08593
 -17.1442 6.81331
 -15.7651 7.30481
 -14.3223 7.54411
 -12.8633 7.52336
 -11.4364 7.24362
 -10.089 6.71487
 -8.86636 5.95587
 -7.80939 4.9936
 -6.95356 3.86239
 -6.32736 2.60286
 -5.95124 1.26049
 -5.83673 -0.11592
 -5.98587 -1.47602
 -6.39104 -2.76972
 -7.03509 -3.94909
 -7.89183 -4.97014
 -8.92691 -5.79457
 -10.099 -6.39129
 -11.3613 -6.73774
 -12.6632 -6.82082
 -13.9522 -6.6376
 -15.1763 -6.19553
 -16.2852 -5.5123
 -17.2334 -4.6153
 -17.9812 -3.54064
 -18.4968 -2.33178
 -18.7578 -1.03794
 -18.7519 0.287915
 -18.4778 1.59114
 -17.9452 2.81769
 -17.1749 3.91642
 -16.1977 4.84119
 -15.0533 5.55298
 -13.789 6.02159
 -12.4573 6.22712
 -11.1141 6.16087
 -9.81622 5.82599
 -8.61873 5.2374
 -7.57268 4.42133
 -6.72268 3.41431
 -6.10486 2.26162
 -5.74509 1.01542
 -5.6577 -0.267579
 -5.84466 -1.52863
 -6.29533 -2.70965
 -6.98678 -3.7559
 -7.88471 -4.6186
 -8.94494 -5.25731
 -10.1153 -5.64195
 -11.3382 -5.75436
 -12.553 -5.5893
 -13.6992 -5.15493
 -14.7194 -4.47255
 -15.5617 -3.5757
 -16.1831 -2.50869
 -16.5509 -1.32456
 -16.6452 -0.082491
 -16.4595 1.15507
 -16.0015 2.32551
 -15.2928 3.36928
 -14.3681 4.23295
 -13.2733 4.87206
 -12.0635 5.25352
 -10.8002 5.35752
 -9.54793 5.1787
 -8.37116 4.72664
 -7.33071 4.02551
 -6.48046 3.11297
 -5.86437 2.03832
 -5.51398 0.859915
 -5.44653 -0.357844
 -5.6638 -1.54803
 -6.15189 -2.64483
 -6.88175 -3.58725
 -7.81063 -4.32255
 -8.88433 -4.80937
 -10.0401 -5.02014
 -11.2103 -4.94291
 -12.3259 -4.58215
 -13.3206 -3.95873
 -14.1349 -3.1089
 -14.7194 -2.08233
 -15.0379 -0.93941
 -15.0698 0.252266
 -14.8114 1.42178
 -14.2763 2.49914
 -13.4949 3.41947
 -12.5128 4.12701
 -11.388 4.57866
 -10.1875 4.74671
 -8.98363 4.62079
 -7.84917 4.2087
 -6.85308 3.53612
 -6.05608 2.64522
 -5.50665 1.59223
 -5.23789 0.443952
 -5.26519 -0.72629
 -5.585 -1.84335
 -6.17492 -2.83505
 -6.99483 -3.63694
 -7.9894 -4.1966
 -9.09149 -4.47718
 -10.2265 -4.46006
 -11.3171 -4.14632
 -12.2886 -3.55682
 -13.0739 -2.73112
 -13.6179 -1.72495
 -13.8818 -0.606652
 -13.8456 0.547373
 -13.51 1.65781
 -12.896 2.64788
 -12.0446 3.44872
 -11.0132 4.00428
 -9.87241 4.27539
 -8.70105 4.24278
 -7.58048 3.90863
 -6.58895 3.29665
 -5.79594 2.45068
 -5.257 1.43169
 -5.00957 0.313592
 -5.07006 -0.822039
 -5.43237 -1.89185
 -6.06813 -2.81685
 -6.92849 -3.52831
 -7.94759 -3.97304
 -9.04728 -4.11752
 -10.1429 -3.95066
 -11.1495 -3.48491
 -11.9886 -2.75556
 -12.594 -1.81829
 -12.9169 -0.745129
 -12.9306 0.380943
 -12.6317 1.47234
 -12.0416 2.44367
 -11.2048 3.21846
 -10.1853 3.73533
 -9.06208 3.95301
 -7.92305 3.85387
 -6.85776 3.44562
 -5.95041 2.76093
 -5.27289 1.85512
 -4.87879 0.801809
 -4.79884 -0.312817
 -5.03808 -1.39703
 -5.57516 -2.36106
 -6.36385 -3.12462
 -7.33663 -3.62368
 -8.41012 -3.81605
 -9.49192 -3.68521
 -10.4884 -3.24194
 -11.3127 -2.52375
 -11.8921 -1.59195
 -12.1747 -0.526575
 -12.1338 0.580257
 -11.7709 1.63229
 -11.1156 2.53749
 -10.2232 3.21616
 -9.17061 3.60814
 -8.04912 3.67835
 -6.95686 3.42016
 -5.9899 2.85637
 -5.23362 2.03738
 -4.75485 1.03702
 -4.59561 -0.0539921
 -4.76899 -1.13608
 -5.25764 -2.10993
 -6.01503 -2.88559
 -6.96947 -3.39095
 -8.0305 -3.57864
 -9.09716 -3.43072
 -10.0674 -2.96069
 -10.8476 -2.21255
 -11.3617 -1.25696
 -11.5585 -0.184785
 -11.417 0.90143
 -10.9485 1.89716
 -10.1961 2.70602
 -9.23077 3.24919
 -8.14456 3.47332
 -7.04202 3.35603
 -6.02991 2.90842
 -5.2067 2.17437
 -4.65264 1.22647
 -4.42162 0.15912
 -4.53542 -0.920751
 -4.98122 -1.90431
 -5.7125 -2.69184
 -6.65345 -3.20296
 -7.70638 -3.38508
 -8.76155 -3.21903
 -9.70833 -2.72147
 -10.4467 -1.94348
 -10.8977 -0.965596
 -11.012 0.110243
 -10.7753 1.17123
 -10.2103 2.10547
 -9.37441 2.81381
 -8.35448 3.22056
 -7.25741 3.28183
 -6.19902 2.99052
 -5.29167 2.37754
 -4.63203 1.50881
 -4.2904 0.478441
 -4.30275 -0.601231
 -4.66643 -1.6118
 -5.34006 -2.44179
 -6.24773 -2.99905
 -7.28705 -3.22122
 -8.34035 -3.08298
 -9.28771 -2.5993
 -10.0204 -1.82412
 -10.4535 -0.844702
 -10.5355 0.228007
 -10.2547 1.27176
 -9.64078 2.16693
 -8.76221 2.81025
 -7.71824 3.12701
 -6.62798 3.07993
 -5.61662 2.67394
 -4.80087 1.95601
 -4.27509 1.01006
 -4.10001 -0.052607
 -4.29517 -1.10615
 -4.83602 -2.02515
 -5.65679 -2.69953
 -6.65767 -3.04777
 -7.71633 -3.02739
 -8.70283 -2.64026
 -9.49562 -1.93239
 -9.99569 -0.989984
 -10.1397 0.0719885
 -9.90734 1.12394
 -9.32472 2.03562
 -8.46178 2.69363
 -7.42319 3.01752
 -6.33677 2.9647
 -5.33878 2.54174
 -4.54958 1.8047
 -4.06749 0.846098
 -3.95445 -0.214015
 -4.22037 -1.24015
 -4.82483 -2.09345
 -5.69639 -2.66789
 -6.7116 -2.8801
 -7.72977 -2.7054
 -8.62007 -2.16468
 -9.26149 -1.32862
 -9.52257 -0.324182
 -9.43114 0.776027
 -8.92017 1.81077
 -8.04841 2.59326
 -6.92667 3.00405
 -5.70666 3.0427
 -4.52187 2.62861
 -3.55435 1.77959
 -2.88495 0.70911
 -2.69737 -0.641491
 -2.89079 -1.89851
 -3.45566 -3.0191
 -4.35145 -3.89835
 -5.59281 -4.42177
