 33.2353
 33.5033
 33.9945
 34.6018
 35.1792
 35.6364
 35.8973
 35.9011
 35.6031
 34.9772
 34.0223
 32.7571
 31.2167
 29.4539
 27.5347
 25.5317
 23.5174
 21.5571
 19.7043
 17.9969
 16.4563
 15.0877
 13.8836
 12.8285
 11.9029
 11.0862
 10.3587
 9.70345
 9.10635
 8.55675
 8.04677
 7.57084
 7.12502
 6.70655
 6.3134
 5.94399
 5.59699
 5.27122
 4.96561
 4.67912
 4.41074
 4.15949
 3.92445
 3.70472
 3.49944
 3.30781
 3.12903
 2.96236
 2.80706
 2.66242
 2.52774
 2.40237
 2.28565
 2.177
 2.07585
 1.98168
 1.894
 1.81238
 1.73642
 1.66575
 1.60004
 1.53898
 1.48228
 1.42971
 1.38101
 1.33598
 1.29442
 1.25615
 1.221
 1.18882
 1.15949
 1.13289
 1.10893
 1.0875
 1.06856
 1.05207
 1.038
 1.02637
 1.01736
 1.01128
