 0.0698756 26.8849
 -2.43684 -64.7553
 -1.69016 -15.9447
 -1.94074 -22.8725
 -2.13155 -28.2166
 -2.21889 -27.328
 -2.34399 -26.3024
 -2.53433 -27.3126
 -2.75407 -28.4471
 -3.00036 -29.3238
 -3.28084 -30.2146
 -3.59884 -31.2306
 -3.95528 -32.3244
 -4.35169 -33.4644
 -4.79012 -34.6446
 -5.27268 -35.8629
 -5.80143 -37.1139
 -6.37841 -38.3911
 -7.00565 -39.6884
 -7.68511 -41.0003
 -8.41876 -42.3214
 -9.20841 -43.6462
 -10.0558 -44.9696
 -10.9625 -46.2862
 -11.9301 -47.591
 -12.9598 -48.8787
 -14.0528 -50.1442
 -15.2101 -51.3823
 -16.4324 -52.5879
 -17.7203 -53.7557
 -19.0739 -54.8805
 -20.4933 -55.9571
 -21.9782 -56.9801
 -23.5279 -57.9442
 -25.1415 -58.844
 -26.8177 -59.6742
 -28.5547 -60.4294
 -30.3507 -61.1043
 -32.2029 -61.6934
 -34.1087 -62.1915
 -36.0645 -62.5934
 -38.0667 -62.894
 -40.111 -63.0882
 -42.1927 -63.1712
 -44.3066 -63.1383
 -46.447 -62.9853
 -48.6077 -62.7078
 -50.7822 -62.3021
 -52.9632 -61.7648
 -55.1433 -61.0927
 -57.3143 -60.2833
 -59.4679 -59.3344
 -61.5952 -58.2445
 -63.6869 -57.0125
 -65.7335 -55.6383
 -67.7251 -54.1221
 -69.6515 -52.4651
 -71.5025 -50.6692
 -73.2675 -48.737
 -74.936 -46.6723
 -76.4974 -44.4794
 -77.9411 -42.1637
 -79.257 -39.7317
 -80.4347 -37.1907
 -81.4646 -34.5489
 -82.3371 -31.8157
 -83.0435 -29.0013
 -83.5755 -26.1169
 -83.9256 -23.1747
 -84.087 -20.1876
 -84.054 -17.1696
 -83.8219 -14.1353
 -83.3869 -11.1
 -82.7468 -8.07973
 -81.9005 -5.09096
 -80.8483 -2.15062
 -79.5921 0.724101
 -78.1354 3.51584
 -76.483 6.20722
 -74.6416 8.78103
 -72.6197 11.2203
 -70.4272 13.5087
 -68.0757 15.6304
 -65.5788 17.5705
 -62.9512 19.315
 -60.2096 20.8512
 -57.3719 22.1679
 -54.4573 23.2554
 -51.4864 24.1057
 -48.4808 24.7127
 -45.4628 25.0724
 -42.4555 25.1831
 -39.4825 25.0453
 -36.5674 24.6619
 -33.7341 24.0382
 -31.0057 23.1822
 -28.4052 22.1044
 -25.9544 20.8175
 -23.6738 19.337
 -21.5828 17.6806
 -19.6988 15.8681
 -18.0372 13.9215
 -16.6109 11.8646
 -15.4305 9.72284
 -14.5038 7.52279
 -13.8353 5.2922
 -13.4269 3.05945
 -13.2767 0.853199
 -13.3798 -1.29798
 -13.7279 -3.36601
 -14.3092 -5.32372
 -15.1089 -7.14529
 -16.1089 -8.80663
 -17.2882 -10.2858
 -18.623 -11.5635
 -20.0875 -12.6232
 -21.6533 -13.4518
 -23.2909 -14.0394
 -24.9693 -14.3803
 -26.6569 -14.4725
 -28.3219 -14.3181
 -29.9328 -13.9232
 -31.4592 -13.2982
 -32.8719 -12.4574
 -34.144 -11.4188
 -35.2508 -10.2042
 -36.1711 -8.83828
 -36.8867 -7.34876
 -37.3837 -5.76557
 -37.6521 -4.12041
 -37.6866 -2.44617
 -37.4865 -0.776264
 -37.0559 0.85602
 -36.4034 2.41823
 -35.5425 3.87943
 -34.4909 5.21085
 -33.2704 6.3866
 -31.9063 7.38416
 -30.4272 8.18505
 -28.8641 8.77516
 -27.2497 9.14522
 -25.618 9.29099
 -24.0032 9.21347
 -22.4389 8.91888
 -20.9573 8.41857
 -19.5888 7.72877
 -18.3605 6.87029
 -17.2961 5.86795
 -16.4152 4.75002
 -15.7323 3.54754
 -15.2569 2.29347
 -14.9931 1.02187
 -14.9394 -0.233016
 -15.0885 -1.43768
 -15.4279 -2.56028
 -15.94 -3.57155
 -16.6024 -4.4456
 -17.389 -5.16069
 -18.2702 -5.69987
 -19.214 -6.05149
 -20.1872 -6.20954
 -21.1559 -6.17385
 -22.0868 -5.95012
 -22.9482 -5.54973
 -23.7112 -4.9894
 -24.3501 -4.29067
 -24.8435 -3.47918
 -25.1752 -2.58391
 -25.3345 -1.63615
 -25.3163 -0.66854
 -25.1218 0.286091
 -24.7582 1.19579
 -24.2381 2.03058
 -23.5797 2.76352
 -22.8057 3.37159
 -21.9425 3.83654
 -21.0194 4.14551
 -20.0675 4.29148
 -19.1184 4.27347
 -18.2034 4.0966
 -17.3517 3.77185
 -16.59 3.3156
 -15.9408 2.74897
 -15.4223 2.09702
 -15.0471 1.38768
 -14.8221 0.65067
 -14.7478 -0.0836984
 -14.8192 -0.78578
 -15.0249 -1.42778
 -15.3487 -1.9849
 -15.7695 -2.43634
 -16.2627 -2.76614
 -16.8011 -2.96384
 -17.3562 -3.02483
 -17.8993 -2.95058
 -18.4028 -2.74843
 -18.8415 -2.43126
 -19.1937 -2.01685
 -19.4421 -1.527
 -19.5746 -0.986511
 -19.5844 -0.422003
 -19.4712 0.139355
 -19.24 0.671128
 -18.9017 1.14887
 -18.472 1.55126
 -17.9708 1.86113
 -17.4209 2.06621
 -16.8473 2.15972
 -16.2755 2.14058
 -15.7304 2.01347
 -15.2349 1.7884
 -14.809 1.48023
 -14.4686 1.10776
 -14.2247 0.692709
 -14.083 0.258524
 -14.0436 -0.170903
 -14.1013 -0.572527
 -14.2456 -0.925388
 -14.4616 -1.21174
 -14.7308 -1.41795
 -15.0323 -1.53525
 -15.344 -1.5601
 -15.6437 -1.49429
 -15.9105 -1.34482
 -16.1262 -1.12333
 -16.276 -0.845346
 -16.3492 -0.529342
 -16.3404 -0.195539
 -16.249 0.135323
 -16.0795 0.443251
 -15.8413 0.710209
 -15.5474 0.921189
 -15.2144 1.06509
 -14.8606 1.13532
 -14.5052 1.13016
 -14.167 1.05272
 -13.8633 0.910702
 -13.6085 0.715752
 -13.4134 0.482648
 -13.2849 0.228249
 -13.2248 -0.0296702
 -13.2308 -0.27363
 -13.2958 -0.48762
 -13.4092 -0.658163
 -13.5574 -0.775177
 -13.7246 -0.832603
 -13.8945 -0.828735
 -14.0509 -0.766239
 -14.1793 -0.651864
 -14.2677 -0.49586
 -14.3071 -0.311163
 -14.2927 -0.11238
 -14.2237 0.0853138
 -14.1034 0.267311
 -13.9389 0.42065
 -13.7403 0.534941
 -13.5202 0.603093
 -13.2923 0.621764
 -13.0704 0.591531
 -12.8675 0.516739
 -12.6948 0.405064
 -12.5607 0.266829
 -12.4702 0.114111
 -12.4248 -0.0402681
 -12.4224 -0.183789
 -12.4573 -0.305244
 -12.5211 -0.395615
 -12.6034 -0.448758
 -12.6926 -0.461828
 -12.777 -0.435428
 -12.8456 -0.373464
 -12.8894 -0.282716
 -12.9017 -0.172183
 -12.8788 -0.0522442
 -12.8202 0.0662798
 -12.7287 0.173082
 -12.6097 0.259261
 -12.471 0.318066
 -12.3219 0.345434
 -12.1724 0.340278
 -12.032 0.304493
 -11.9091 0.242694
 -11.8104 0.161713
 -11.7399 0.0698987
 -11.6989 -0.0237072
 -11.6861 -0.110235
 -11.6974 -0.181822
 -11.7267 -0.232321
 -11.7663 -0.257842
 -11.8081 -0.25705
 -11.844 -0.231214
 -11.8666 -0.184001
 -11.8704 -0.121038
 -11.8519 -0.0492915
 -11.8101 0.0236694
 -11.7461 0.0904516
 -11.6637 0.144579
 -11.568 0.181119
 -11.4655 0.197138
 -11.3632 0.191934
 -11.2676 0.167039
 -11.1846 0.125977
 -11.1184 0.0738304
 -11.0711 0.0166503
 -11.043 -0.0392239
 -11.0323 -0.0878519
 -11.0352 -0.124319
 -11.0469 -0.145236
 -11.0618 -0.149052
 -11.074 -0.136163
 -11.0783 -0.108801
 -11.0708 -0.0707166
 -11.0488 -0.0267055
 -11.0116 0.0179683
 -10.9602 0.058188
 -10.8972 0.0895632
 -10.8264 0.108908
 -10.7526 0.114564
 -10.6804 0.106541
 -10.6144 0.0864498
 -10.558 0.0572574
 -10.5136 0.022882
 -10.4819 -0.0123092
 -10.4621 -0.0440404
 -10.4521 -0.0686411
 -10.4486 -0.0834689
 -10.4479 -0.0871934
 -10.4458 -0.0799103
 -10.4388 -0.0630746
 -10.424 -0.0392676
 -10.3997 -0.01183
 -10.3656 0.0155886
 -10.3224 0.0395042
 -10.2723 0.0570361
 -10.218 0.0662533
 -10.1628 0.0663858
 -10.1101 0.057879
 -10.0625 0.0422876
 -10.0223 0.0220268
 -9.99034 1.93721e-05
 -9.96652 -0.0207134
 -9.94968 -0.0374594
 -9.93777 -0.0481679
 -9.92819 -0.0517
 -9.91818 -0.0479465
 -9.90518 -0.0378011
 -9.8872 -0.022996
 -9.86302 -0.00582804
 -9.8324 0.0111842
 -9.79603 0.025662
 -9.75537 0.0356957
 -9.71249 0.040095
 -9.66965 0.038529
 -9.62907 0.031537
 -9.59252 0.0204146
 -9.56115 0.00699418
 -9.53531 -0.00664442
 -9.51454 -0.018489
 -9.4977 -0.0268882
 -9.48313 -0.0307803
 -9.46893 -0.0298263
 -9.45326 -0.0244294
 -9.43462 -0.0156422
 -9.41205 -0.0049797
 -9.38526 0.00583124
 -9.35463 0.0151254
 -9.32116 0.0215523
 -9.28622 0.0242714
 -9.25141 0.0230601
 -9.21822 0.0183218
 -9.18785 0.0109943
 -9.161 0.00237853
 -9.13782 -0.00608423
 -9.11787 -0.0130488
 -9.10023 -0.0174776
 -9.08369 -0.0187942
 -9.06694 -0.016956
 -9.04879 -0.0124377
 -9.02834 -0.00612945
 -9.00517 0.000828073
 -8.97933 0.00724408
 -8.95133 0.0120782
 -8.92206 0.0146074
 -8.89258 0.0145338
 -8.86395 0.0120146
 -8.83707 0.00761515
 -8.81249 0.0021935
 -8.79039 -0.00326064
 -8.7705 -0.00780258
 -8.75223 -0.0106944
 -8.73473 -0.0115242
 -8.71709 -0.0102625
 -8.69851 -0.00725035
 -8.67839 -0.00312091
 -8.65647 0.00132642
 -8.63284 0.00527688
 -8.60793 0.00804742
 -8.58237 0.00920374
 -8.55691 0.00862738
 -8.53227 0.00652226
 -8.50899 0.00336198
 -8.48735 -0.000210205
 -8.46735 -0.00350855
 -8.44867 -0.00593438
 -8.43082 -0.00708376
 -8.41316 -0.006814
 -8.3951 -0.00525794
 -8.37616 -0.00278553
 -8.35608 7.82065e-05
 -8.33484 0.00276117
 -8.31267 0.00475655
 -8.28999 0.00571757
 -8.26733 0.00551709
 -8.24516 0.00426162
 -8.22391 0.00225902
 -8.20377 -5.20317e-05
 -8.18476 -0.00219536
 -8.16666 -0.00375379
 -8.14912 -0.00444966
 -8.13171 -0.00419359
 -8.11401 -0.00309327
 -8.09571 -0.00142178
 -8.07666 0.00044623
 -8.05686 0.00211622
 -8.03653 0.00325586
 -8.01597 0.00366052
 -7.99555 0.00328935
 -7.97559 0.00226553
 -7.95633 0.000842236
 -7.93787 -0.000657117
 -7.92014 -0.0019108
 -7.90295 -0.00266694
 -7.88602 -0.0027937
 -7.86903 -0.00230144
 -7.85174 -0.00133321
 -7.83399 -0.000127163
 -7.81574 0.00104009
 -7.79709 0.00191572
 -7.77824 0.00232485
 -7.75944 0.00220507
 -7.74093 0.00161446
 -7.72288 0.000712471
 -7.70539 -0.000280817
 -7.68843 -0.00113715
 -7.67188 -0.00167187
 -7.65553 -0.00178339
 -7.63918 -0.00147194
 -7.62265 -0.000834243
 -7.60582 -3.63014e-05
 -7.58867 0.000728382
 -7.57129 0.00128498
 -7.55379 0.00151694
 -7.53637 0.00139013
 -7.51919 0.000956513
 -7.50237 0.000337363
 -7.48594 -0.000309059
 -7.46987 -0.000827137
 -7.45406 -0.00110106
 -7.43836 -0.00108079
 -7.42263 -0.000791086
 -7.40676 -0.00032221
 -7.39068 0.000194676
 -7.37442 0.000620822
 -7.35806 0.000843504
 -7.3417 0.000801883
 -7.3255 0.00049936
 -7.30956 3.50061e-07
 -7.29397 -0.0005866
 -7.27874 -0.00113402
 -7.26384 -0.00152185
 -7.24919 -0.00165786
 -7.23472 -0.00148691
 -7.22031 -0.00098731
 -7.20592 -0.00015639
 -7.19146 0.00100951
 -7.1769 0.00253312
 -7.16216 0.00446491
 -7.14713 0.00687652
 -7.13159 0.00983653
 -7.11526 0.0133697
 -7.09776 0.0174052
 -7.07863 0.0217219
 -7.0574 0.0259001
 -7.03365 0.0292894
 -7.00709 0.0309996
 -6.97767 0.0299209
 -6.94562 0.0247743
 -6.91162 0.0141919
 -6.87675 -0.00317604
 -6.84259 -0.0285326
 -6.81121 -0.0627917
 -6.78505 -0.106429
 -6.76694 -0.159341
 -6.75986 -0.220715
 -6.7668 -0.288948
 -6.79052 -0.361598
 -6.83331 -0.435421
 -6.8967 -0.506475
 -6.98124 -0.570319
 -7.08632 -0.622308
 -7.21 -0.657943
 -7.34908 -0.673256
 -7.49912 -0.665334
 -7.65471 -0.632659
 -7.81002 -0.57511
 -7.95877 -0.494928
 -8.09488 -0.396948
 -8.21422 -0.285145
 -8.31269 -0.166909
 -8.38528 -0.0589006
 -8.43599 0.0402424
 -8.46989 0.13779
