 945.57
 940.299
 919.622
 882.959
 831.051
 764.927
 686.801
 600.422
 511.496
 426.142
 350.109
 287.275
 238.726
 202.768
 176.212
 155.743
 138.962
 124.492
 111.696
 100.308
 90.2002
 81.2705
 73.4129
 66.5167
 60.4709
 55.169
 50.5118
 46.41
 42.785
 39.5693
 36.7054
 34.1449
 31.8468
 29.7768
 27.9058
 26.209
 24.6655
 23.257
 21.9682
 20.7856
 19.6978
 18.6948
 17.7677
 16.9091
 16.1122
 15.3712
 14.681
 14.0369
 13.435
 12.8716
 12.3436
 11.8482
 11.383
 10.9458
 10.5348
 10.1488
 9.78649
 9.44735
 9.13118
 8.83831
 8.56968
 8.32683
 8.11201
 7.92809
 7.7785
 7.66703
 7.59741
 7.57183
 7.58624
 7.6175
