 -0.988971 -1.23482
 -7.78972 -11.9752
 -14.5189 -20.5018
 -18.7358 -22.4436
 -22.828 -23.3219
 -26.0649 -22.5379
 -28.5249 -20.6533
 -30.3472 -17.9891
 -31.5279 -14.738
 -31.8933 -11.0364
 -31.2435 -7.11623
 -29.5101 -3.39501
 -26.7557 -0.362533
 -23.3749 1.48128
 -20.1091 1.97418
 -17.6686 1.5194
 -16.2206 0.920772
 -15.2746 0.709278
 -14.2653 0.756075
 -13.1573 0.582444
 -12.3899 0.128554
 -12.1004 -0.13142
 -11.7968 0.0680103
 -11.1042 0.284704
 -10.4031 0.0814639
 -10.1688 -0.188225
 -10.0493 -0.0034382
 -9.47094 0.26063
 -8.88382 -0.00946634
 -8.90476 -0.212507
 -8.7107 0.187235
 -8.00524 0.127961
 -7.99321 -0.248728
 -7.95633 0.154228
 -7.27965 0.0967233
 -7.38078 -0.219539
 -7.20127 0.215744
 -6.69448 -0.0752085
 -6.9347 -0.0615422
 -6.41866 0.180839
 -6.40599 -0.218063
 -6.32591 0.213592
 -5.89925 -0.153065
 -6.1854 0.0854875
 -5.53059 -0.00326914
 -5.96862 -0.0596825
 -5.25666 0.116601
 -5.74129 -0.146536
 -5.00429 0.163036
 -5.55377 -0.149649
 -4.74534 0.116323
 -5.39597 -0.0496763
 -4.52184 -0.0392329
 -5.18611 0.153014
 -4.43962 -0.267636
 -4.80711 0.363652
 -4.58179 -0.397133
 -4.26375 0.336098
 -4.77702 -0.156388
 -3.93657 -0.104445
 -4.48472 0.344672
 -4.27767 -0.405275
 -3.75233 0.195409
 -4.42975 0.181599
 -3.94554 -0.407891
 -3.60135 0.231005
 -4.20753 0.197101
 -3.87481 -0.36875
 -3.4041 0.0481104
 -3.825 0.315507
 -3.92465 -0.164536
 -3.41505 -0.242468
 -3.32451 0.185694
 -3.67475 0.219772
 -3.67993 -0.151811
 -3.29149 -0.242509
 -3.10339 0.0614178
 -3.30712 0.263424
 -3.51837 0.0974557
 -3.41725 -0.182934
 -3.1143 -0.24233
 -2.91023 -0.0535751
 -2.93907 0.167066
 -3.10063 0.233956
 -3.22374 0.133034
 -3.2186 -0.0321404
 -3.10325 -0.155997
 -2.94653 -0.19423
 -2.80836 -0.159326
 -2.71547 -0.0873094
 -2.66658 -0.0105164
 -2.64733 0.052902
 -2.6421 0.0976099
 -2.63936 0.125635
 -2.6323 0.141535
 -2.61767 0.149543
 -2.59427 0.152342
 -2.56202 0.150766
 -2.52164 0.143903
 -2.47491 0.129445
 -2.42528 0.104355
 -2.37847 0.0660825
 -2.34265 0.0144015
 -2.32731 -0.0463398
 -2.34044 -0.105327
 -2.38365 -0.145135
 -2.4461 -0.145476
 -2.50053 -0.0930978
 -2.50824 0.00294049
 -2.44029 0.100132
 -2.3102 0.134663
 -2.18935 0.0684381
 -2.16616 -0.0563867
 -2.25547 -0.124754
 -2.34929 -0.0562431
 -2.31128 0.0783459
 -2.15637 0.106766
 -2.07124 -0.0180721
 -2.16192 -0.111883
 -2.2559 -0.0174859
 -2.15387 0.105984
 -2.00685 0.0253215
 -2.07476 -0.105303
 -2.1838 -0.00704088
 -2.04809 0.105904
 -1.94458 -0.0382528
 -2.09526 -0.0823471
 -2.0624 0.0932741
 -1.8908 0.00412312
 -2.02962 -0.0923068
 -2.01394 0.0912222
 -1.84993 -0.0175889
 -2.01475 -0.062599
 -1.90888 0.099153
 -1.85141 -0.0824211
 -1.98656 0.0318741
 -1.78272 0.0257883
 -1.93564 -0.071153
 -1.81989 0.0963967
 -1.82973 -0.102739
 -1.86764 0.0960581
 -1.7444 -0.0830785
 -1.88404 0.0694097
 -1.69202 -0.0588465
 -1.87448 0.0536282
 -1.66098 -0.0547667
 -1.84829 0.0623756
 -1.64879 -0.0755652
 -1.79954 0.0921689
 -1.66822 -0.108201
 -1.71321 0.117609
 -1.7278 -0.112674
 -1.59983 0.0860739
 -1.78361 -0.0350211
 -1.54463 -0.0329256
 -1.72097 0.0957447
 -1.6456 -0.120598
 -1.53714 0.0813532
 -1.73903 0.0135007
 -1.54285 -0.104765
 -1.54633 0.112063
 -1.70925 -0.0124926
 -1.51245 -0.102822
 -1.49893 0.0983592
 -1.67166 0.0325887
 -1.55038 -0.115553
 -1.42854 0.0211633
 -1.56568 0.104632
 -1.62089 -0.0420309
 -1.47011 -0.0975837
 -1.4049 0.0360646
 -1.51824 0.101166
 -1.58912 -0.00443502
 -1.4987 -0.100707
 -1.38006 -0.0515419
 -1.3798 0.0630521
 -1.47412 0.0996132
 -1.54096 0.0295065
 -1.51275 -0.064478
 -1.42233 -0.0987167
 -1.34265 -0.0586926
 -1.31818 0.0144221
 -1.34588 0.0722164
 -1.39601 0.0908646
 -1.43935 0.073421
 -1.46098 0.0363417
 -1.46003 -0.00385621
 -1.44325 -0.0370268
 -1.41888 -0.0597645
 -1.39344 -0.0730315
 -1.37084 -0.0795881
 -1.35293 -0.0822716
 -1.34036 -0.0831636
 -1.33321 -0.0833219
 -1.33141 -0.0827608
 -1.33469 -0.0805125
 -1.34232 -0.074759
 -1.35256 -0.0631569
 -1.36213 -0.0435438
 -1.36595 -0.0151661
 -1.35774 0.019661
 -1.33202 0.0540367
 -1.28786 0.0763766
 -1.23329 0.0736116
 -1.1872 0.0389866
 -1.17368 -0.0176966
 -1.2055 -0.0659524
 -1.26473 -0.0685997
 -1.30198 -0.0149137
 -1.27305 0.0535037
 -1.19315 0.0666701
 -1.14255 0.00272675
 -1.18158 -0.0645679
 -1.25609 -0.0418147
 -1.24798 0.0438068
 -1.15554 0.0573229
 -1.12548 -0.0295957
 -1.20765 -0.0601459
 -1.23338 0.0298075
 -1.13384 0.0554059
 -1.11531 -0.044
 -1.21285 -0.0373341
 -1.1736 0.0624779
 -1.08341 -0.00383544
 -1.17451 -0.0574663
 -1.17416 0.0543566
 -1.06934 0.000607063
 -1.16642 -0.0519079
 -1.13954 0.0616746
 -1.06452 -0.0314319
 -1.17601 -0.0137418
 -1.07074 0.0490784
 -1.10908 -0.0627392
 -1.13033 0.0556816
 -1.04358 -0.0356162
 -1.15469 0.0110891
 -1.02351 0.0117456
 -1.14101 -0.029851
 -1.02754 0.042591
 -1.11803 -0.0506363
 -1.03002 0.0550024
 -1.10417 -0.0564463
 -1.01987 0.0551417
 -1.10437 -0.0506148
 -0.997462 0.0418567
 -1.1127 -0.0277079
 -0.975515 0.00754006
 -1.10823 0.0176769
 -0.98271 -0.0441705
 -1.05968 0.0646317
 -1.04041 -0.06925
 -0.975261 0.049814
 -1.09175 -0.00692335
 -0.961059 -0.043344
 -1.02069 0.0711746
 -1.06094 -0.0506429
 -0.935446 -0.0120513
 -1.02977 0.0666664
 -1.04526 -0.0549178
 -0.927059 -0.0194583
 -0.997702 0.0703471
 -1.05356 -0.0253076
 -0.946395 -0.0568405
 -0.932592 0.0467561
 -1.02899 0.0437482
 -1.01658 -0.0514539
 -0.92207 -0.042798
 -0.921336 0.0449492
 -1.00179 0.0535269
 -1.02228 -0.023507
 -0.953752 -0.0644163
 -0.893665 -0.0177933
 -0.910987 0.0491897
 -0.973408 0.0596683
 -1.00953 0.0110199
 -0.98871 -0.0445988
 -0.934572 -0.0625355
 -0.888341 -0.0376107
 -0.873985 0.00659014
 -0.89008 0.0433616
 -0.92098 0.0588671
 -0.950669 0.0534085
 -0.970021 0.034908
 -0.977216 0.0121818
 -0.974885 -0.00864641
 -0.967087 -0.0247699
 -0.957455 -0.0357965
 -0.948525 -0.0425357
 -0.941772 -0.0460627
 -0.93789 -0.0471739
 -0.937048 -0.046146
 -0.938983 -0.0426904
 -0.942922 -0.0360551
 -0.947381 -0.0253014
 -0.949971 -0.00982335
 -0.947458 0.00986107
 -0.936395 0.0311841
 -0.914611 0.0489137
 -0.883513 0.0556824
 -0.850296 0.0446533
 -0.827949 0.0146032
 -0.830255 -0.0246162
 -0.861145 -0.051696
 -0.904301 -0.04483
 -0.926139 -0.00252889
 -0.901326 0.0432826
 -0.845798 0.0467126
 -0.815748 -0.00193233
 -0.849284 -0.0487205
 -0.905478 -0.0301008
 -0.901308 0.0327646
 -0.835639 0.0435831
 -0.813542 -0.0202302
 -0.875878 -0.0466878
 -0.902847 0.0185472
 -0.833025 0.0446551
 -0.812779 -0.028296
 -0.888744 -0.0342739
 -0.874412 0.0442281
 -0.80063 0.00694747
 -0.862258 -0.0481219
 -0.884484 0.033844
 -0.799061 0.0138218
 -0.861843 -0.0469569
 -0.871559 0.0416774
 -0.795535 -0.00846224
 -0.884141 -0.027526
 -0.82916 0.0473682
 -0.824496 -0.046157
 -0.881141 0.0294487
 -0.791346 -0.00635002
 -0.888029 -0.0156502
 -0.801002 0.0325271
 -0.866781 -0.0434199
 -0.823413 0.0493274
 -0.845875 -0.0519791
 -0.83827 0.0529792
 -0.837062 -0.0534794
 -0.840013 0.053956
 -0.842603 -0.0542406
 -0.827863 0.0534361
 -0.862231 -0.0500506
 -0.804476 0.0421359
 -0.888278 -0.0279381
 -0.785924 0.00686965
 -0.894286 0.0189074
 -0.806704 -0.0432679
 -0.848604 0.0562796
 -0.875147 -0.0478966
 -0.790146 0.0153107
 -0.896701 0.0289739
 -0.837232 -0.0572869
 -0.809768 0.0432576
 -0.909157 0.00961001
 -0.832463 -0.0556278
 -0.812982 0.0422682
 -0.91106 0.0227768
 -0.86323 -0.0588103
 -0.80295 0.0100375
 -0.883722 0.0547207
 -0.917389 -0.0268759
 -0.838869 -0.0498067
 -0.821499 0.0292211
 -0.900059 0.0519621
 -0.932944 -0.0181698
 -0.874615 -0.0579185
 -0.827038 -0.00900984
 -0.861174 0.0520787
 -0.930406 0.0460219
 -0.955538 -0.0129427
 -0.920211 -0.057065
 -0.869598 -0.0473171
 -0.851583 0.000299701
 -0.877487 0.0452474
 -0.926522 0.0599342
 -0.970852 0.042596
 -0.994201 0.00822095
 -0.995353 -0.0259888
 -0.982166 -0.0494115
 -0.964258 -0.0593816
 -0.948644 -0.0584677
 -0.938673 -0.0511393
 -0.934855 -0.041555
 -0.936198 -0.0326824
 -0.941303 -0.0262891
 -0.949039 -0.0232853
 -0.958868 -0.0240701
 -0.970978 -0.0287122
 -0.986287 -0.036903
 -1.00631 -0.0476847
 -1.03279 -0.0590299
 -1.06688 -0.0674727
 -1.10793 -0.0681811
 -1.15196 -0.0560209
 -1.19078 -0.0280905
 -1.21318 0.0124657
 -1.20979 0.0531647
 -1.18182 0.0733716
 -1.14877 0.0544
 -1.14536 -0.00232679
 -1.19873 -0.0623292
 -1.29502 -0.072932
 -1.37118 -0.0126867
 -1.36671 0.0655043
 -1.30563 0.0688469
 -1.29961 -0.0198495
 -1.41158 -0.0849047
 -1.53345 -0.0192538
 -1.51809 0.082687
 -1.44556 0.0375009
 -1.53261 -0.0846885
 -1.70864 -0.036003
 -1.6964 0.0953592
 -1.62432 0.0071189
 -1.80596 -0.105192
 -1.95011 0.0521596
 -1.83605 0.0722971
 -1.97611 -0.117548
 -2.21112 0.034076
 -2.08711 0.0830148
 -2.28707 -0.138477
 -2.52606 0.0867942
 -2.39626 0.0153288
 -2.80383 -0.124374
 -2.8604 0.165467
 -2.97549 -0.164058
 -3.46805 0.0818747
 -3.34858 -0.0299189
 -4.19741 -0.114393
 -4.09433 0.157026
 -4.88723 -0.275223
 -5.20073 0.217992
 -6.38024 -0.500393
 -9.60828 0.19768
 -8.58085 -0.120283
 -10.5462 1.04423
 -14.7398 -0.279851
 -24.5982 2.36201
 -31.6219 3.8774
 -60.36 405.108
 35.9042 3.7899
 24.2472 3.2157
 15.259 0.222994
 12.7937 1.52662
 10.9157 -0.0776971
 7.68788 0.00759128
 5.82561 0.087172
 5.73317 -0.35919
 5.0544 0.235276
 4.08006 -0.0374629
 4.14091 -0.242147
 3.80135 0.206168
 3.17723 0.0220122
 3.22436 -0.214321
 3.15854 0.0915555
 2.68915 0.14127
 2.54286 -0.134047
 2.66062 -0.101739
 2.50255 0.126924
 2.18621 0.094271
 2.10534 -0.101815
 2.20105 -0.115847
 2.17197 0.0452661
 1.9707 0.129241
 1.7929 0.0413367
 1.76735 -0.0871643
 1.83296 -0.113844
 1.86069 -0.0323218
 1.79377 0.0677209
 1.66845 0.108323
 1.55233 0.0764703
 1.48713 0.00724744
 1.47451 -0.0567255
 1.49238 -0.0911006
 1.51596 -0.0931277
 1.52958 -0.0727426
 1.52823 -0.0426469
 1.51405 -0.0125616
 1.49205 0.0122615
 1.46722 0.0301408
 1.44328 0.0413939
 1.42249 0.0470086
 1.40586 0.0478154
 1.39345 0.0441133
 1.38441 0.0356385
 1.37697 0.0218223
 1.36832 0.00235271
 1.35467 -0.0219502
 1.33197 -0.048075
 1.29744 -0.0700223
 1.25213 -0.0791542
 1.20367 -0.066827
 1.16693 -0.029881
 1.15962 0.0226226
 1.19101 0.0667233
 1.24802 0.0725436
 1.29199 0.0272653
 1.28107 -0.041917
 1.21294 -0.074797
 1.14705 -0.031429
 1.15772 0.048854
 1.23947 0.068808
 1.28598 -0.00611736
 1.22325 -0.0726109
 1.14403 -0.0215073
 1.18826 0.0670702
 1.28591 0.0289392
 1.24866 -0.069423
 1.15389 -0.0219593
 1.22388 0.0707388
 1.31237 -0.0117844
 1.13325 -0.229559
