 1.30195
 3.29612
 8.97571
 18.2067
 31.0423
 47.5283
 67.5719
 91.1061
 118.017
 148.111
 181.124
 216.692
 254.34
 293.462
 333.308
 372.984
 411.445
 447.514
 479.898
 507.235
 528.14
 541.278
 545.466
 539.746
 523.517
 496.644
 459.527
 413.217
 359.421
 300.491
 239.354
 179.332
 123.956
 76.5959
 40.2007
 16.9185
 7.7076
 12.2531
 28.7089
 53.881
 83.4886
 112.621
 136.484
 150.923
 153.406
 143.287
 122.125
 93.6236
 62.8297
 35.4684
 16.4504
 9.15422
 14.2449
 29.5362
 50.4837
 70.9748
 85.2317
 88.8974
 80.9577
 63.5402
 41.8109
 22.2451
 10.6318
 10.2443
 20.2252
 36.4188
 52.0384
 60.9587
 59.2537
 47.7363
 30.9439
 15.8788
 8.60085
 11.7274
 23.1752
 36.7232
 45.4867
 44.6555
 34.8742
 20.9092
 10.3462
 8.20369
 15.4388
 26.8553
 35.578
 35.7011
 27.4834
 15.7206
 8.15775
 8.98024
 17.386
 26.699
 30.3577
 25.2706
 15.4964
 7.87261
 8.22682
 15.2142
 23.4728
 25.2949
 19.6842
 10.7954
 6.74118
 9.93285
 17.6482
 21.9702
 19.362
 11.6515
 6.68757
 8.34331
 15.1058
 19.2552
 16.9168
 10.0678
 6.16031
 8.81932
 14.8062
 17.2474
 13.1274
 7.57101
