 -3.43379e-16 -2.77355e-15
 -0.702069 -3.87134
 -1.59173 -7.63487
 -2.804 -11.2239
 -4.45957 -14.5403
 -6.65286 -17.4575
 -9.42234 -19.799
 -12.7305 -21.3587
 -16.4445 -21.9242
 -20.3237 -21.3131
 -24.0227 -19.4206
 -27.1178 -16.2732
 -29.1631 -12.0744
 -29.7754 -7.22766
 -28.7364 -2.3143
 -26.0891 1.98388
 -22.1938 5.0193
 -17.707 6.34672
 -13.4623 5.87802
 -10.2619 3.96108
 -8.63046 1.32678
 -8.62104 -1.11329
 -9.76915 -2.57232
 -11.2506 -2.68483
 -12.2116 -1.65351
 -12.1374 -0.147825
 -11.0764 1.02949
 -9.57835 1.35362
 -8.35707 0.837399
 -7.86368 -0.0277424
 -8.0388 -0.625124
 -8.4139 -0.628593
 -8.48924 -0.186145
 -8.10082 0.260207
 -7.48959 0.362456
 -7.03367 0.131508
 -6.89963 -0.139761
 -6.93489 -0.194409
 -6.87665 -0.0445559
 -6.63288 0.0995709
 -6.3367 0.090385
 -6.14971 -0.0141921
 -6.07422 -0.0659859
 -5.99058 -0.0214149
 -5.83284 0.0335032
 -5.65619 0.0258911
 -5.53108 -0.0130678
 -5.44363 -0.0197286
 -5.33909 0.00400433
 -5.21228 0.0129773
 -5.09975 -0.000986221
 -5.0104 -0.00804159
 -4.91976 0.00052407
 -4.82016 0.00491778
 -4.7277 -0.000721906
 -4.64633 -0.00286148
 -4.56462 0.000984188
 -4.48144 0.00150915
 -4.40419 -0.000998402
 -4.33144 -0.000555132
 -4.25857 0.000820366
 -4.18787 -4.2813e-06
 -4.12114 -0.000469793
 -4.05585 0.000259777
 -3.99192 0.000143555
 -3.93076 -0.0002281
 -3.87138 7.66355e-05
 -3.81333 9.17748e-05
 -3.75734 -0.000102154
 -3.70298 3.66471e-05
 -3.64995 3.95006e-05
 -3.5986 -4.61677e-05
 -3.54864 2.78611e-05
 -3.49997 9.41099e-06
 -3.45272 -1.71718e-05
 -3.40667 2.00979e-05
 -3.36183 -3.46527e-06
 -3.3182 -5.4413e-07
 -3.27564 9.80177e-06
 -3.23418 -4.18071e-06
 -3.19376 5.85371e-06
 -3.15432 1.66324e-06
 -3.11586 6.04168e-07
 -3.07832 4.15229e-06
 -3.04167 -1.05125e-07
 -3.00589 3.17052e-06
 -2.97094 1.03052e-06
 -2.93679 1.78963e-06
 -2.90342 1.77985e-06
 -2.8708 1.13268e-06
 -2.8389 1.86632e-06
 -2.8077 9.96251e-07
 -2.77719 1.65706e-06
 -2.74732 1.02238e-06
 -2.7181 1.4169e-06
 -2.68949 1.04253e-06
 -2.66147 1.23049e-06
 -2.63404 1.02297e-06
 -2.60716 1.09808e-06
 -2.58083 9.75297e-07
 -2.55502 1.00116e-06
 -2.52972 9.15252e-07
 -2.50493 9.24674e-07
 -2.48061 8.52893e-07
 -2.45676 8.59659e-07
 -2.43336 7.93379e-07
 -2.41041 8.01118e-07
 -2.38788 7.39177e-07
 -2.36578 7.46163e-07
 -2.34407 6.91353e-07
 -2.32277 6.93232e-07
 -2.30184 6.49851e-07
 -2.28129 6.42139e-07
 -2.26111 6.13232e-07
 -2.24128 5.94286e-07
 -2.22179 5.78692e-07
 -2.20264 5.52138e-07
 -2.18382 5.4326e-07
 -2.16532 5.1729e-07
 -2.14713 5.06198e-07
 -2.12924 4.88102e-07
 -2.11165 4.7051e-07
 -2.09434 4.59902e-07
 -2.07732 4.40407e-07
 -2.06058 4.29673e-07
 -2.0441 4.15687e-07
 -2.02788 4.00376e-07
 -2.01192 3.91125e-07
 -1.99621 3.76502e-07
 -1.98074 3.6489e-07
 -1.96551 3.55508e-07
 -1.95052 3.42093e-07
 -1.93575 3.32576e-07
 -1.9212 3.23404e-07
 -1.90687 3.11502e-07
 -1.89276 3.03118e-07
 -1.87885 2.94722e-07
 -1.86515 2.84114e-07
 -1.85164 2.76357e-07
 -1.83833 2.69095e-07
 -1.82522 2.59652e-07
 -1.81228 2.52111e-07
 -1.79953 2.46033e-07
 -1.78696 2.37977e-07
 -1.77457 2.30335e-07
 -1.76235 2.24962e-07
 -1.75029 2.18763e-07
 -1.7384 2.11302e-07
 -1.72667 2.05582e-07
 -1.7151 2.0108e-07
 -1.70369 1.95108e-07
 -1.69242 1.88638e-07
 -1.68131 1.84055e-07
 -1.67034 1.8027e-07
 -1.65951 1.75023e-07
 -1.64883 1.69213e-07
 -1.63829 1.65071e-07
 -1.62787 1.62118e-07
 -1.6176 1.58106e-07
 -1.60745 1.52816e-07
 -1.59743 1.48312e-07
 -1.58754 1.45643e-07
 -1.57777 1.43322e-07
 -1.56812 1.39542e-07
 -1.55859 1.34655e-07
 -1.54918 1.30609e-07
 -1.53988 1.28433e-07
 -1.5307 1.27037e-07
 -1.52162 1.24545e-07
 -1.51266 1.20356e-07
 -1.5038 1.15698e-07
 -1.49505 1.12328e-07
 -1.4864 1.1088e-07
 -1.47785 1.10373e-07
 -1.4694 1.09112e-07
 -1.46106 1.06033e-07
 -1.4528 1.0142e-07
 -1.44465 9.6602e-08
 -1.43659 9.30317e-08
 -1.42862 9.14259e-08
 -1.42074 9.14538e-08
 -1.41295 9.20152e-08
 -1.40525 9.18353e-08
 -1.39763 9.00205e-08
 -1.3901 8.63446e-08
 -1.38266 8.12214e-08
 -1.37529 7.54605e-08
 -1.36801 6.99564e-08
 -1.36081 6.54319e-08
 -1.35369 6.23003e-08
 -1.34665 6.06459e-08
 -1.33968 6.02898e-08
 -1.33279 6.08959e-08
 -1.32597 6.20759e-08
 -1.31923 6.34713e-08
 -1.31256 6.48035e-08
 -1.30596 6.58929e-08
 -1.29944 6.66558e-08
 -1.29298 6.70868e-08
 -1.28659 6.72358e-08
 -1.28027 6.71816e-08
 -1.27402 6.70069e-08
 -1.26783 6.67727e-08
 -1.26171 6.6491e-08
 -1.25566 6.60945e-08
 -1.24966 6.54028e-08
 -1.24373 6.40869e-08
 -1.23787 6.16402e-08
 -1.23206 5.73704e-08
 -1.22632 5.04361e-08
 -1.22063 3.99599e-08
 -1.21501 2.52501e-08
 -1.20944 6.14948e-09
 -1.20394 -1.65111e-08
 -1.19849 -4.04526e-08
 -1.19309 -6.16822e-08
 -1.18776 -7.4725e-08
 -1.18248 -7.36811e-08
 -1.17725 -5.42847e-08
 -1.17208 -1.67136e-08
 -1.16696 3.17965e-08
 -1.1619 7.62109e-08
 -1.15689 9.67319e-08
 -1.15194 7.65418e-08
 -1.14703 1.25689e-08
 -1.14218 -7.60084e-08
 -1.13738 -1.49168e-07
 -1.13263 -1.62771e-07
 -1.12793 -9.7128e-08
 -1.12329 1.88457e-08
 -1.11869 1.11038e-07
 -1.11414 1.03375e-07
 -1.10964 -1.82046e-08
 -1.10519 -1.72596e-07
 -1.10079 -2.29723e-07
 -1.09644 -1.24189e-07
 -1.09213 5.86587e-08
 -1.08788 1.34443e-07
 -1.08367 3.26738e-09
 -1.07951 -2.11566e-07
 -1.07539 -2.64584e-07
 -1.07133 -7.75302e-08
 -1.06731 1.21597e-07
 -1.06333 5.70356e-08
 -1.05941 -2.04548e-07
 -1.05553 -2.95862e-07
 -1.0517 -7.22576e-08
 -1.04791 1.22303e-07
 -1.04417 -3.9783e-08
 -1.04047 -3.04187e-07
 -1.03683 -2.17045e-07
 -1.03322 6.59653e-08
 -1.02967 1.2188e-08
 -1.02616 -2.88299e-07
 -1.0227 -2.51214e-07
 -1.01928 3.97058e-08
 -1.01591 -3.47303e-08
 -1.01259 -3.21878e-07
 -1.00931 -1.97193e-07
 -1.00608 3.83578e-08
 -1.00289 -1.74407e-07
 -0.999758 -3.31583e-07
 -0.996669 -6.8716e-08
 -0.993627 -6.62385e-08
 -0.990633 -3.33404e-07
 -0.987687 -1.85189e-07
 -0.984789 -4.99521e-08
 -0.98194 -3.05671e-07
 -0.97914 -2.49836e-07
 -0.976389 -7.81289e-08
 -0.973688 -3.02823e-07
 -0.971037 -2.71706e-07
 -0.968437 -1.19097e-07
 -0.965888 -3.2941e-07
 -0.96339 -2.65582e-07
 -0.960944 -1.73834e-07
 -0.958551 -3.66652e-07
 -0.956212 -2.43847e-07
 -0.953926 -2.56928e-07
 -0.951695 -3.81372e-07
 -0.949519 -2.37547e-07
 -0.947399 -3.61234e-07
 -0.945336 -3.50465e-07
 -0.94333 -2.97502e-07
 -0.941383 -4.26401e-07
 -0.939496 -3.2124e-07
 -0.937668 -4.17561e-07
 -0.935903 -4.04599e-07
 -0.934199 -3.93312e-07
 -0.93256 -4.75037e-07
 -0.930985 -4.05807e-07
 -0.929476 -5.09827e-07
 -0.928034 -4.53526e-07
 -0.92666 -5.26154e-07
 -0.925357 -5.14611e-07
 -0.924125 -5.44768e-07
 -0.922966 -5.74345e-07
 -0.921882 -5.74972e-07
 -0.920874 -6.29471e-07
 -0.919943 -6.17164e-07
 -0.919093 -6.82594e-07
 -0.918324 -6.68835e-07
 -0.91764 -7.37258e-07
 -0.917041 -7.27974e-07
 -0.91653 -7.95999e-07
 -0.91611 -7.9396e-07
 -0.915783 -8.60186e-07
 -0.915551 -8.67338e-07
 -0.915417 -9.30468e-07
 -0.915384 -9.49325e-07
 -0.915456 -1.00735e-06
 -0.915634 -1.04122e-06
 -0.915922 -1.09191e-06
 -0.916324 -1.14365e-06
 -0.916843 -1.18659e-06
 -0.917484 -1.25597e-06
 -0.918249 -1.29558e-06
 -0.919143 -1.37657e-06
 -0.92017 -1.4236e-06
 -0.921335 -1.50526e-06
 -0.922643 -1.57269e-06
 -0.924099 -1.64698e-06
 -0.925708 -1.73937e-06
 -0.927476 -1.81227e-06
 -0.929408 -1.91833e-06
 -0.931512 -2.00935e-06
 -0.933793 -2.11349e-06
 -0.936258 -2.23414e-06
 -0.938915 -2.34165e-06
 -0.941772 -2.47813e-06
 -0.944836 -2.61345e-06
 -0.948117 -2.75214e-06
 -0.951624 -2.91869e-06
 -0.955366 -3.07986e-06
 -0.959354 -3.25715e-06
 -0.963599 -3.45885e-06
 -0.968112 -3.65876e-06
 -0.972906 -3.88178e-06
 -0.977994 -4.13013e-06
 -0.98339 -4.38274e-06
 -0.98911 -4.66243e-06
 -0.995168 -4.97359e-06
 -1.00158 -5.29696e-06
 -1.00837 -5.65e-06
 -1.01555 -6.04479e-06
 -1.02315 -6.46438e-06
 -1.03118 -6.91643e-06
 -1.03968 -7.4217e-06
 -1.04866 -7.97261e-06
 -1.05816 -8.56437e-06
 -1.0682 -9.21844e-06
 -1.07882 -9.94593e-06
 -1.09005 -1.0739e-05
 -1.10193 -1.16058e-05
 -1.1145 -1.25716e-05
 -1.1278 -1.36473e-05
 -1.14189 -1.48327e-05
 -1.15681 -1.61438e-05
 -1.17263 -1.76122e-05
 -1.1894 -1.92608e-05
 -1.2072 -2.11026e-05
 -1.22609 -2.31623e-05
 -1.24617 -2.54841e-05
 -1.26752 -2.81173e-05
 -1.29025 -3.11048e-05
 -1.31446 -3.44943e-05
 -1.34029 -3.83546e-05
 -1.36786 -4.27792e-05
 -1.39733 -4.78764e-05
 -1.42888 -5.37664e-05
 -1.46269 -6.05912e-05
 -1.499 -6.85333e-05
 -1.53804 -7.78292e-05
 -1.58009 -8.8777e-05
 -1.62549 -0.000101745
 -1.6746 -0.000117193
 -1.72783 -0.000135705
 -1.78569 -0.000158037
 -1.84875 -0.000185188
 -1.91767 -0.000218475
 -1.99325 -0.000259655
 -2.07642 -0.000311094
 -2.16831 -0.000376023
 -2.27028 -0.000458928
 -2.38397 -0.000566141
 -2.51141 -0.000706774
 -2.65514 -0.000894195
 -2.81833 -0.00114848
 -3.00506 -0.0015005
 -3.22062 -0.00199922
 -3.47201 -0.00272472
 -3.7687 -0.00381328
 -4.12379 -0.00550703
 -4.556 -0.00825944
 -5.09293 -0.0129849
 -5.77729 -0.0216102
 -6.67813 -0.0364721
 -7.8926 -0.0630585
 -9.55085 -0.296352
 -12.968 -1.68184
 -24.3432 -1.5725
 -41.114 19.688
 -20.1026 60.219
 31.9023 51.0515
 37.9859 10.4395
 20.0928 -2.50258
 11.7331 -1.1203
 9.15078 -0.168871
 7.63715 -0.0512758
 6.51674 -0.0309159
 5.6838 -0.0180477
 5.04549 -0.0109547
 4.54116 -0.00703081
 4.13307 -0.00471568
 3.79645 -0.00327847
 3.51436 -0.00234864
 3.27482 -0.00172578
 3.06913 -0.00129601
 2.8908 -0.000991791
 2.73492 -0.000771604
 2.59768 -0.000609085
 2.4761 -0.00048703
 2.36779 -0.000393937
 2.27084 -0.000321947
 2.18368 -0.000265593
 2.10504 -0.000220996
 2.03383 -0.000185359
 1.96918 -0.000156619
 1.91031 -0.00013323
 1.8566 -0.000114013
 1.80749 -9.80725e-05
 1.76252 -8.47418e-05
 1.72128 -7.35382e-05
 1.68341 -6.41125e-05
 1.6486 -5.61855e-05
 1.61659 -4.94919e-05
 1.58713 -4.37647e-05
 1.56002 -3.87704e-05
 1.53508 -3.4368e-05
 1.51212 -3.0525e-05
 1.49102 -2.72502e-05
 1.47163 -2.44854e-05
 1.45384 -2.20696e-05
 1.43755 -1.98394e-05
 1.42265 -1.77701e-05
 1.40905 -1.59731e-05
 1.3967 -1.45101e-05
 1.3855 -1.32508e-05
 1.3754 -1.2002e-05
 1.36634 -1.07676e-05
 1.35826 -9.73727e-06
 1.35113 -8.96261e-06
 1.34489 -8.22621e-06
 1.3395 -7.38195e-06
 1.33493 -6.61594e-06
 1.33115 -6.10508e-06
 1.32812 -5.64992e-06
 1.32583 -5.03403e-06
 1.32423 -4.46479e-06
 1.32332 -4.14798e-06
 1.32306 -3.82109e-06
 1.32345 -3.30924e-06
 1.32446 -2.93051e-06
 1.32608 -2.75684e-06
 1.32829 -2.4178e-06
 1.33109 -1.99996e-06
 1.33446 -1.83966e-06
 1.33839 -1.64841e-06
 1.34288 -1.25594e-06
 1.34792 -1.07247e-06
 1.3535 -9.61533e-07
 1.35961 -6.10124e-07
 1.36626 -4.22164e-07
 1.37344 -3.42115e-07
 1.38115 -1.33529e-08
 1.38939 1.48522e-07
 1.39816 2.34246e-07
 1.40746 5.58672e-07
 1.41729 6.67567e-07
 1.42765 8.03943e-07
 1.43855 1.1108e-06
 1.45 1.16685e-06
 1.46199 1.40201e-06
 1.47454 1.63148e-06
 1.48766 1.70633e-06
 1.50134 2.02481e-06
 1.51561 2.13478e-06
 1.53046 2.35372e-06
 1.54592 2.6154e-06
 1.56199 2.72937e-06
 1.57869 3.07113e-06
 1.59604 3.20018e-06
 1.61404 3.5122e-06
 1.63272 3.74302e-06
 1.65209 3.99008e-06
 1.67218 4.32828e-06
 1.693 4.5426e-06
 1.71459 4.95295e-06
 1.73695 5.18421e-06
 1.76013 5.63523e-06
 1.78414 5.92127e-06
 1.80902 6.42724e-06
 1.83479 6.66063e-06
 1.8615 8.32921e-06
 1.88925 5.36595e-05
 1.91906 -0.00102566
 1.93866 -0.0200263
 1.74573 0.0211874
 1.46958 1.86557
 11.3418 8.15846
 58.2478 -17.1026
 99.2505 -172.002
