 6.80158
 11.039
 22.9262
 45.0738
 81.5495
 136.239
 210.958
 302.25
 399.137
 483.546
 535.004
 536.299
 479.771
 369.185
 219.078
 47.8769
 -129.506
 -306.521
 -484.995
 -668.632
 -854.273
 -1028.13
 -1171.39
 -1271.26
 -1326.04
 -1338.18
 -1303.2
 -1211.78
 -1060.43
 -859.383
 -621.694
 -353.616
 -61.4429
 238.997
 531.349
 808.038
 1061.63
 1280.29
 1458.59
 1596.91
 1692.05
 1743.93
 1757.92
 1736.24
 1682.84
 1604.09
 1504.75
 1389.49
 1263.63
 1129.92
 993.075
 855.274
 718.984
 586.298
 457.921
 335.397
 218.591
 108.306
 4.10858
 -93.791
 -185.95
 -272.504
 -354.042
 -430.802
 -503.376
 -572.04
 -637.377
 -699.605
 -759.229
 -816.489
 -871.787
 -925.355
 -977.454
 -1028.38
 -1078.29
 -1127.34
 -1175.06
 -1212.54
 -1214.51
 -109.784
