 645.71
 644.833
 639.555
 625.863
 602.996
 571.43
 531.64
 484.603
 432.31
 377.569
 323.653
 273.628
 229.784
 193.23
 163.885
 140.79
 122.567
 107.865
 95.6332
 85.1868
 76.1338
 68.2541
 61.4022
 55.4548
 50.2939
 45.8076
 41.8944
 38.4661
 35.4484
 32.7793
 30.4075
 28.2905
 26.3929
 24.6851
 23.1423
 21.7437
 20.4713
 19.3102
 18.2475
 17.2721
 16.3744
 15.5463
 14.7806
 14.0711
 13.4123
 12.7993
 12.2281
 11.6947
 11.196
 10.7288
 10.2906
 9.87904
 9.49193
 9.12737
 8.78363
 8.45915
 8.15253
 7.86248
 7.58786
 7.32763
 7.08088
 6.84678
 6.62463
 6.41383
 6.2139
 6.0245
 5.84542
 5.67662
 5.51827
 5.37071
 5.23452
 5.11051
 4.99971
 4.90341
 4.82313
 4.7606
 4.71728
 4.69317
 4.68457
 4.68273
