 321.304
 321.745
 320.887
 317.558
 311.156
 301.214
 287.402
 269.627
 248.31
 224.397
 199.193
 174.138
 150.56
 129.478
 111.442
 96.4966
 84.3229
 74.4195
 66.2567
 59.3784
 53.4466
 48.24
 43.6252
 39.5228
 35.8789
 32.6486
 29.7892
 27.259
 25.0184
 23.0308
 21.2635
 19.6878
 18.2787
 17.0148
 15.8778
 14.8519
 13.9236
 13.0812
 12.3148
 11.6156
 10.9761
 10.3896
 9.85052
 9.35375
 8.89495
 8.47027
 8.07636
 7.71024
 7.3693
 7.05123
 6.754
 6.47578
 6.21498
 5.97016
 5.74005
 5.52351
 5.31954
 5.12723
 4.9458
 4.77455
 4.61287
 4.46022
 4.31617
 4.18034
 4.05244
 3.93224
 3.81959
 3.71441
 3.61668
 3.52646
 3.44388
 3.36915
 3.30256
 3.24459
 3.19573
 3.15633
 3.12645
 3.10563
 3.09262
 3.08565
