 4.05637e+19 2.37468e+23
 -1.7068e+18 -9.77278e+21
 7.58503e+17 3.98925e+21
 1.96985e+16 3.98205e+19
 7.41362e+16 2.6979e+20
 3.71406e+16 1.06281e+20
 2.18634e+16 4.71777e+19
 1.3784e+16 2.34145e+19
 8.42411e+15 1.09976e+19
 5.19102e+15 5.2914e+18
 3.17728e+15 2.55713e+18
 1.92936e+15 1.23966e+18
 1.16228e+15 6.03629e+17
 6.94286e+14 2.94781e+17
 4.11364e+14 1.44332e+17
 2.41853e+14 7.0828e+16
 1.41161e+14 3.48247e+16
 8.18342e+13 1.71518e+16
 4.71436e+13 8.46022e+15
 2.70009e+13 4.17862e+15
 1.53812e+13 2.06634e+15
 8.71821e+12 1.02291e+15
 4.9187e+12 5.06866e+14
 2.76314e+12 2.5138e+14
 1.54602e+12 1.24772e+14
 8.61799e+11 6.19761e+13
 4.78723e+11 3.08052e+13
 2.65062e+11 1.53212e+13
 1.46314e+11 7.62452e+12
 8.05346e+10 3.79632e+12
 4.4209e+10 1.89116e+12
 2.4207e+10 9.42524e+11
 1.32231e+10 4.6994e+11
 7.20689e+09 2.34405e+11
 3.91956e+09 1.16964e+11
 2.12741e+09 5.83835e+10
 1.15249e+09 2.91523e+10
 6.23226e+08 1.45612e+10
 3.36477e+08 7.27623e+09
 1.81379e+08 3.63725e+09
 9.76283e+07 1.81881e+09
 5.24747e+07 9.09796e+08
 2.81668e+07 4.5523e+08
 1.50995e+07 2.27846e+08
 8.08449e+06 1.14069e+08
 4.3234e+06 5.71219e+07
 2.30941e+06 2.86113e+07
 1.23225e+06 1.4334e+07
 656798 7.18262e+06
 349711 3.59979e+06
 186008 1.80445e+06
 98828.8 904631
 52446.9 453575
 27793.3 227435
 14700.6 114043
 7753.15 57177.6
 4069.37 28657.6
 2117.34 14352.9
 1083.46 7177.87
 535.973 3579.35
 245.99 1775.04
 92.2547 870.95
 10.5889 418.567
 -32.9477 192.883
 -56.2886 80.9936
 -68.9009 26.2444
 -75.7768 0.201487
 -79.5457 -11.4089
 -81.5905 -15.7558
 -82.6366 -16.4434
 -83.0639 -15.2873
 -83.0705 -13.2064
 -82.7596 -10.6694
 -82.1851 -7.91959
 -81.3755 -5.08744
 -80.3467 -2.24681
 -79.1089 0.556702
 -77.6698 3.2917
 -76.0369 5.93399
 -74.2178 8.46314
 -72.2217 10.8608
 -70.0588 13.1102
 -67.7409 15.1955
 -65.2814 17.102
 -62.6951 18.8161
 -59.9982 20.3256
 -57.2085 21.6196
 -54.3449 22.6887
 -51.4275 23.5256
 -48.4775 24.1243
 -45.5166 24.4814
 -42.5675 24.5953
 -39.653 24.4667
 -36.7962 24.0987
 -34.0201 23.4968
 -31.3473 22.6689
 -28.8 21.6254
 -26.3991 20.379
 -24.1646 18.9447
 -22.115 17.3401
 -20.267 15.5844
 -18.6353 13.6991
 -17.2323 11.7073
 -16.0679 9.63377
 -15.1495 7.50428
 -14.4813 5.34568
 -14.0647 3.18537
 -13.8978 1.051
 -13.9756 -1.02992
 -14.2898 -3.03038
 -14.8291 -4.92431
 -15.5788 -6.68698
 -16.5214 -8.29533
 -17.6366 -9.72848
 -18.9016 -10.968
 -20.2911 -11.9982
 -21.7783 -12.8066
 -23.3346 -13.3842
 -24.9303 -13.7254
 -26.5353 -13.8287
 -28.1191 -13.696
 -29.6518 -13.3336
 -31.1043 -12.7514
 -32.4491 -11.9631
 -33.6604 -10.9862
 -34.715 -9.84123
 -35.5927 -8.55196
 -36.2764 -7.14468
 -36.753 -5.64782
 -37.0133 -4.09148
 -37.0522 -2.50681
 -36.8692 -0.925395
 -36.4682 0.621327
 -35.8576 2.10275
 -35.0499 3.48974
 -34.0621 4.75524
 -32.9146 5.87493
 -31.6314 6.8277
 -30.2392 7.59623
 -28.7672 8.16734
 -27.246 8.53238
 -25.7075 8.68741
 -24.1835 8.6334
 -22.7055 8.37616
 -21.3036 7.92629
 -20.006 7.29893
 -18.838 6.51344
 -17.8217 5.59287
 -16.9751 4.56349
 -16.3118 3.45406
 -15.8408 2.29511
 -15.5658 1.11816
 -15.4853 -0.0451237
 -15.593 -1.1638
 -15.8771 -2.20849
 -16.3217 -3.15217
 -16.9061 -3.97098
 -17.6065 -4.64486
 -18.3956 -5.15816
 -19.2445 -5.50009
 -20.1224 -5.66502
 -20.9986 -5.65265
 -21.8425 -5.46804
 -22.6254 -5.12141
 -23.3206 -4.62783
 -23.9048 -4.00674
 -24.3584 -3.28132
 -24.6665 -2.47773
 -24.8192 -1.62424
 -24.8118 -0.750316
 -24.645 0.114389
 -24.3251 0.941019
 -23.8632 1.7025
 -23.2756 2.37446
 -22.5822 2.93606
 -21.8068 3.37073
 -20.9753 3.6667
 -20.1155 3.81739
 -19.2556 3.82166
 -18.4235 3.68374
 -17.6453 3.41312
 -16.9447 3.02404
 -16.3422 2.535
 -15.854 1.96796
 -15.4915 1.34746
 -15.2612 0.699657
 -15.164 0.0512175
 -15.1957 -0.571718
 -15.3468 -1.14461
 -15.6033 -1.6455
 -15.9472 -2.05591
 -16.3571 -2.36156
 -16.8095 -2.55292
 -17.2796 -2.62558
 -17.7424 -2.58037
 -18.174 -2.42322
 -18.5524 -2.16488
 -18.8584 -1.82036
 -19.0768 -1.40816
 -19.1967 -0.949438
 -19.2119 -0.466936
 -19.1215 0.0160543
 -18.9295 0.476809
 -18.6445 0.89424
 -18.2797 1.24987
 -17.8514 1.5287
 -17.3791 1.71985
 -16.8836 1.81706
 -16.3865 1.8189
 -15.9089 1.72876
 -15.4704 1.5546
 -15.088 1.30846
 -14.7756 1.00576
 -14.5427 0.664425
 -14.3949 0.303904
 -14.3327 -0.0558871
 -14.3522 -0.39565
 -14.4454 -0.697732
 -14.6004 -0.947056
 -14.8021 -1.1319
 -15.0337 -1.24446
 -15.277 -1.28125
 -15.5137 -1.24316
 -15.7266 -1.13532
 -15.9004 -0.966735
 -16.0225 -0.749651
 -16.084 -0.498777
 -16.0796 -0.230354
 -16.0083 0.0388483
 -15.8732 0.29255
 -15.6812 0.515942
 -15.4425 0.696553
 -15.1697 0.824964
 -14.8774 0.895322
 -14.5809 0.905613
 -14.2952 0.857703
 -14.0343 0.757109
 -13.8099 0.612559
 -13.6312 0.435338
 -13.504 0.238482
 -13.4307 0.0358715
 -13.4097 -0.158716
 -13.4363 -0.332526
 -13.5027 -0.474665
 -13.5987 -0.57679
 -13.7123 -0.633614
 -13.8309 -0.643184
 -13.9421 -0.606924
 -14.0344 -0.529439
 -14.0981 -0.418096
 -14.1259 -0.282412
 -14.1135 -0.13331
 -14.0598 0.017722
 -13.9665 0.159488
 -13.8384 0.281904
 -13.6829 0.376713
 -13.5088 0.438048
 -13.3264 0.462805
 -13.146 0.450791
 -12.9774 0.404647
 -12.8293 0.329553
 -12.7083 0.232743
 -12.6188 0.122873
 -12.5624 0.00928508
 -12.5381 -0.0987569
 -12.5424 -0.192811
 -12.5696 -0.265912
 -12.6125 -0.313091
 -12.6628 -0.331715
 -12.7121 -0.321628
 -12.7523 -0.285076
 -12.7765 -0.226434
 -12.7796 -0.151769
 -12.7584 -0.0682533
 -12.712 0.0164807
 -12.6416 0.0950233
 -12.5509 0.160822
 -12.4447 0.208726
 -12.3294 0.235391
 -12.2117 0.239509
 -12.0985 0.221853
 -11.9958 0.185128
 -11.9085 0.133654
 -11.8398 0.0729125
 -11.7914 0.00899195
 -11.7626 -0.0519949
 -11.7512 -0.104486
 -11.7535 -0.143971
 -11.7646 -0.167378
 -11.779 -0.173312
 -11.7913 -0.162121
 -11.7965 -0.135794
 -11.7904 -0.0977034
 -11.7704 -0.05222
 -11.7352 -0.00423872
 -11.6853 0.0413263
 -11.6224 0.0800348
 -11.5498 0.108348
 -11.4714 0.12395
 -11.3916 0.125935
 -11.3148 0.114838
 -11.2449 0.0925234
 -11.1848 0.0619341
 -11.1363 0.0267366
 -11.1002 -0.00909552
 -11.0755 -0.0417159
 -11.0604 -0.067811
 -11.052 -0.0849332
 -11.047 -0.0917278
 -11.0418 -0.0880333
 -11.033 -0.0748462
 -11.0179 -0.0541607
 -10.9947 -0.028703
 -10.9624 -0.00159454
 -10.9213 0.0240165
 -10.8727 0.0453122
 -10.8186 0.0601107
 -10.7615 0.0670869
 -10.7045 0.0658863
 -10.65 0.0571213
 -10.6006 0.0422558
 -10.5577 0.0233933
 -10.5222 0.00299951
 -10.4939 -0.0164078
 -10.4719 -0.0325619
 -10.4545 -0.0437081
 -10.4397 -0.0487914
 -10.4252 -0.047552
 -10.4089 -0.0405186
 -10.389 -0.0289059
 -10.3642 -0.0144309
 -10.334 0.000925575
 -10.2987 0.01518
 -10.259 0.0265963
 -10.2165 0.0338942
 -10.1728 0.0363899
 -10.1297 0.0340544
 -10.0888 0.0274849
 -10.0514 0.0177957
 -10.0183 0.0064469
 -9.98968 -0.00496504
 -9.96514 -0.0149249
 -9.94379 -0.0221962
 -9.92439 -0.0259722
 -9.90553 -0.0259622
 -9.88583 -0.0224046
 -9.86412 -0.0160069
 -9.8396 -0.00782497
 -9.81192 0.000900614
 -9.78123 0.0089256
 -9.74808 0.0151754
 -9.71339 0.0188863
 -9.67823 0.0196967
 -9.64373 0.0176766
 -9.61086 0.0132951
 -9.58032 0.00733152
 -9.55247 0.000746867
 -9.52728 -0.00546482
 -9.50434 -0.0104229
 -9.48298 -0.0134825
 -9.46234 -0.014317
 -9.44153 -0.0129481
 -9.41978 -0.00972419
 -9.39649 -0.00524989
 -9.3714 -0.000281234
 -9.34451 0.00439694
 -9.31615 0.00809176
 -9.28686 0.0103029
 -9.25731 0.0107887
 -9.2282 0.0095887
 -9.20013 0.00700165
 -9.17352 0.0035244
 -9.14858 -0.000237392
 -9.12523 -0.00367087
 -9.10318 -0.00625344
 -9.08198 -0.00763082
 -9.06108 -0.00766403
 -9.03994 -0.00643929
 -9.01812 -0.00424101
 -8.99533 -0.00149398
 -8.97148 0.00131419
 -8.94669 0.0037169
 -8.92124 0.00534433
 -8.89552 0.0059791
 -8.86996 0.00558349
 -8.84496 0.0042951
 -8.82082 0.00239322
 -8.7977 0.000243044
 -8.77558 -0.00177164
 -8.75431 -0.0033152
 -8.7336 -0.00415498
 -8.71313 -0.00419524
 -8.69256 -0.00348548
 -8.67161 -0.00220296
 -8.65012 -0.00061375
 -8.62803 0.000979546
 -8.60544 0.00229368
 -8.58253 0.00311397
 -8.55955 0.00332846
 -8.53677 0.00294168
 -8.51443 0.00206654
 -8.49268 0.000897115
 -8.47157 -0.000331877
 -8.45107 -0.00139063
 -8.43104 -0.00209629
 -8.41129 -0.00234378
 -8.39159 -0.00212048
 -8.37178 -0.00150266
 -8.3517 -0.0006355
 -8.33131 0.000298692
 -8.31062 0.00111742
 -8.28975 0.00167278
 -8.26882 0.00187753
 -8.24802 0.00171792
 -8.22748 0.00125161
 -8.20732 0.000591845
 -8.18758 -0.000118299
 -8.16823 -0.000735857
 -8.1492 -0.00114612
 -8.13036 -0.00128346
 -8.11159 -0.00114114
 -8.09277 -0.000768754
 -8.07382 -0.000258558
 -8.05471 0.000275955
 -8.03546 0.00072444
 -8.01615 0.00100192
 -7.99686 0.00106443
 -7.9777 0.000915324
 -7.95876 0.00060134
 -7.94008 0.000200033
 -7.92168 -0.000198455
 -7.90353 -0.000511083
 -7.88556 -0.000678854
 -7.8677 -0.000677615
 -7.84988 -0.000520787
 -7.83203 -0.000253932
 -7.81411 5.7189e-05
 -7.79613 0.000342121
 -7.77812 0.000541229
 -7.76014 0.000617856
 -7.74224 0.000564703
 -7.72448 0.000403375
 -7.70691 0.000177622
 -7.68953 -5.78487e-05
 -7.67233 -0.000250244
 -7.65527 -0.000360278
 -7.63832 -0.000369971
 -7.62141 -0.000285149
 -7.60451 -0.0001324
 -7.58761 4.84589e-05
 -7.57069 0.000214433
 -7.55378 0.000329443
 -7.53691 0.000372141
 -7.52013 0.000339781
 -7.50345 0.000247461
 -7.48691 0.000123183
 -7.4705 9.74635e-08
 -7.45422 -9.2117e-05
 -7.43803 -0.000134698
 -7.42191 -0.000124415
 -7.40582 -7.44423e-05
 -7.38975 -1.14693e-05
 -7.37369 3.01438e-05
 -7.35766 1.57858e-05
 -7.34168 -8.19649e-05
 -7.3258 -0.000277219
 -7.31007 -0.000566788
 -7.29454 -0.000928466
 -7.27925 -0.0013211
 -7.26424 -0.00168559
 -7.24954 -0.00194591
 -7.23515 -0.00200959
 -7.22107 -0.00176787
 -7.20723 -0.00109623
 -7.19357 0.000142928
 -7.17995 0.00209343
 -7.16616 0.00489237
 -7.15193 0.00864942
 -7.13689 0.013418
 -7.1206 0.0191593
 -7.10254 0.0257015
 -7.08215 0.0326988
 -7.05889 0.0395956
 -7.03228 0.0456012
 -7.00199 0.0496832
 -6.96793 0.0505838
 -6.93032 0.0468639
 -6.88979 0.0369777
 -6.84744 0.0193762
 -6.80486 -0.00736323
 -6.76414 -0.0443895
 -6.72782 -0.0924237
 -6.6988 -0.151611
 -6.68018 -0.221395
 -6.67508 -0.300434
 -6.68641 -0.386569
 -6.71661 -0.476859
 -6.76743 -0.5677
 -6.8397 -0.655009
 -6.93315 -0.73449
 -7.0463 -0.801949
 -7.17648 -0.853648
 -7.31986 -0.886661
 -7.47167 -0.899208
 -7.62641 -0.890933
 -7.77821 -0.863081
 -7.92108 -0.818584
 -8.04939 -0.761933
 -8.15792 -0.699101
 -8.24281 -0.636596
 -8.30042 -0.583167
 -8.33302 -0.542589
