 14.0264
 14.1335
 14.2437
 14.3498
 14.4078
 14.3753
 14.2231
 13.9322
 13.4964
 12.9199
 12.2206
 11.4241
 10.5663
 9.68302
 8.81539
 7.9936
 7.2446
 6.58112
 6.00896
 5.52204
 5.11154
 4.76146
 4.45911
 4.19043
 3.94638
 3.71988
 3.50709
 3.30597
 3.11562
 2.9357
 2.76611
 2.60667
 2.45719
 2.31735
 2.18674
 2.06494
 1.95148
 1.84589
 1.74771
 1.65649
 1.57182
 1.49328
 1.42051
 1.35318
 1.29097
 1.2336
 1.18082
 1.13238
 1.08808
 1.04772
 1.01113
 0.97813
 0.948583
 0.922358
 0.899351
 0.879482
 0.862709
 0.849043
 0.838615
 0.831874
