 442.807
 389.606
 553.66
 715.315
 839.647
 900.384
 877.273
 774.393
 625.111
 476.096
 361.291
 286.94
 239.073
 202.672
 172.076
 147.309
 127.885
 112.202
 99.1843
 88.328
 79.194
 71.4201
 64.7511
 58.9859
 53.9655
 49.5667
 45.6896
 42.2544
 39.1957
 36.4603
 34.0036
 31.789
 29.7853
 27.9665
 26.3104
 24.7979
 23.413
 22.1416
 20.9714
 19.8921
 18.8944
 17.9703
 17.1126
 16.3152
 15.5724
 14.8794
 14.2318
 13.6258
 13.0578
 12.5247
 12.0237
 11.5522
 11.108
 10.6891
 10.2934
 9.91944
 9.56552
 9.23027
 8.91242
 8.61085
 8.32468
 8.05338
 7.79718
 7.55768
 7.33894
 7.1487
 6.99917
 6.90528
 6.8752
 6.88813
