 49.577
 50.062
 50.8494
 51.727
 52.4235
 52.7233
 52.468
 51.5524
 49.9472
 47.6841
 44.8511
 41.5871
 38.0674
 34.4782
 30.9914
 27.7435
 24.8215
 22.2609
 20.0562
 18.1744
 16.5669
 15.1807
 13.9672
 12.887
 11.9108
 11.0189
 10.1983
 9.44091
 8.74129
 8.09545
 7.50004
 6.95193
 6.44801
 5.98528
 5.5608
 5.17176
 4.81547
 4.48936
 4.19096
 3.91788
 3.66787
 3.43883
 3.22879
 3.036
 2.85883
 2.69586
 2.54579
 2.40747
 2.27987
 2.16204
 2.05315
 1.95244
 1.85922
 1.77288
 1.69286
 1.61865
 1.5498
 1.4859
 1.42658
 1.37151
 1.32038
 1.27293
 1.22892
 1.18811
 1.15033
 1.11539
 1.08315
 1.05348
 1.02626
 1.0014
 0.978792
 0.958363
 0.940047
 0.923789
 0.909554
 0.897315
 0.887064
 0.878814
 0.872591
 0.868659
