 -2.21781e-12 -1.67329e-12
 -6.72684 -3.33558
 -8.27995 -4.08248
 -8.98348 -4.37949
 -9.35754 -4.47973
 -9.60202 -4.4787
 -9.76879 -4.40192
 -9.88737 -4.26495
 -9.9668 -4.0752
 -10.0026 -3.8374
 -9.99286 -3.55899
 -9.93502 -3.24759
 -9.83796 -2.91417
 -9.69774 -2.56671
 -9.51461 -2.21486
 -9.29065 -1.86831
 -9.02956 -1.53617
 -8.73625 -1.2264
 -8.41796 -0.945099
 -8.08189 -0.696569
 -7.73528 -0.48367
 -7.38564 -0.307451
 -7.04009 -0.167191
 -6.7049 -0.0606248
 -6.38519 0.0157394
 -6.08466 0.0662873
 -5.80573 0.0959738
 -5.54937 0.109584
 -5.31548 0.111566
 -5.10306 0.10582
 -4.91046 0.095563
 -4.73562 0.083259
 -4.57632 0.0706863
 -4.43035 0.0589917
 -4.29573 0.0487641
 -4.17074 0.0402087
 -4.05393 0.0332806
 -3.94416 0.0277967
 -3.84053 0.0235046
 -3.74235 0.020144
 -3.64909 0.0174849
 -3.56033 0.0153421
 -3.47573 0.0135754
 -3.395 0.0120856
 -3.31791 0.0108042
 -3.2442 0.00968559
 -3.17369 0.00869902
 -3.10617 0.00782387
 -3.04146 0.00704523
 -2.97939 0.00635136
 -2.9198 0.0057327
 -2.86256 0.00518109
 -2.80752 0.00468926
 -2.75456 0.00425065
 -2.70356 0.00385934
 -2.65441 0.00351001
 -2.60702 0.00319791
 -2.5613 0.00291882
 -2.51715 0.00266887
 -2.4745 0.00244467
 -2.43327 0.00224322
 -2.39338 0.00206189
 -2.35479 0.00189834
 -2.31742 0.00175051
 -2.28121 0.00161661
 -2.24612 0.00149506
 -2.2121 0.00138449
 -2.17908 0.00128371
 -2.14704 0.00119169
 -2.11593 0.00110752
 -2.0857 0.00103042
 -2.05633 0.000959687
 -2.02777 0.000894708
 -1.99999 0.000834946
 -1.97297 0.000779915
 -1.94666 0.000729182
 -1.92105 0.000682359
 -1.8961 0.000639104
 -1.87179 0.000599103
 -1.8481 0.000562074
 -1.825 0.000527761
 -1.80247 0.000495929
 -1.78049 0.000466371
 -1.75904 0.000438901
 -1.7381 0.000413348
 -1.71765 0.000389558
 -1.69768 0.000367392
 -1.67817 0.000346721
 -1.6591 0.000327429
 -1.64046 0.000309411
 -1.62223 0.00029257
 -1.6044 0.000276818
 -1.58696 0.000262073
 -1.5699 0.00024826
 -1.5532 0.00023531
 -1.53685 0.000223162
 -1.52085 0.000211758
 -1.50517 0.000201045
 -1.48981 0.000190976
 -1.47476 0.000181505
 -1.46002 0.000172593
 -1.44556 0.0001642
 -1.43139 0.000156292
 -1.4175 0.000148836
 -1.40387 0.000141803
 -1.3905 0.000135164
 -1.37738 0.000128895
 -1.36451 0.000122971
 -1.35188 0.00011737
 -1.33948 0.000112073
 -1.32731 0.00010706
 -1.31535 0.000102313
 -1.30361 9.78156e-05
 -1.29208 9.35529e-05
 -1.28074 8.95107e-05
 -1.26961 8.56756e-05
 -1.25867 8.20354e-05
 -1.24791 7.85791e-05
 -1.23734 7.52956e-05
 -1.22695 7.21748e-05
 -1.21673 6.92074e-05
 -1.20668 6.63846e-05
 -1.19679 6.36982e-05
 -1.18707 6.11406e-05
 -1.1775 5.87046e-05
 -1.16808 5.63835e-05
 -1.15882 5.4171e-05
 -1.1497 5.20612e-05
 -1.14072 5.00486e-05
 -1.13189 4.81279e-05
 -1.12319 4.62943e-05
 -1.11462 4.45432e-05
 -1.10618 4.28702e-05
 -1.09787 4.12714e-05
 -1.08969 3.97428e-05
 -1.08162 3.82809e-05
 -1.07368 3.68824e-05
 -1.06585 3.55439e-05
 -1.05814 3.42626e-05
 -1.05053 3.30355e-05
 -1.04304 3.18601e-05
 -1.03565 3.07336e-05
 -1.02837 2.96539e-05
 -1.02119 2.86184e-05
 -1.01411 2.76253e-05
 -1.00713 2.66723e-05
 -1.00025 2.57577e-05
 -0.993456 2.48796e-05
 -0.986758 2.40363e-05
 -0.98015 2.32262e-05
 -0.973632 2.24478e-05
 -0.9672 2.16996e-05
 -0.960854 2.09801e-05
 -0.954592 2.02882e-05
 -0.948412 1.96225e-05
 -0.942313 1.89818e-05
 -0.936292 1.83651e-05
 -0.930349 1.77713e-05
 -0.924483 1.71994e-05
 -0.918691 1.66484e-05
 -0.912973 1.61174e-05
 -0.907327 1.56055e-05
 -0.901751 1.51119e-05
 -0.896246 1.46359e-05
 -0.890808 1.41766e-05
 -0.885438 1.37334e-05
 -0.880134 1.33055e-05
 -0.874894 1.28924e-05
 -0.869718 1.24933e-05
 -0.864605 1.21078e-05
 -0.859554 1.17352e-05
 -0.854563 1.1375e-05
 -0.849632 1.10267e-05
 -0.844759 1.06898e-05
 -0.839944 1.03639e-05
 -0.835185 1.00484e-05
 -0.830483 9.74303e-06
 -0.825835 9.4473e-06
 -0.821242 9.16083e-06
 -0.816702 8.88326e-06
 -0.812214 8.61423e-06
 -0.807778 8.35339e-06
 -0.803393 8.1004e-06
 -0.799057 7.85495e-06
 -0.794772 7.61674e-06
 -0.790535 7.38547e-06
 -0.786345 7.16087e-06
 -0.782204 6.94268e-06
 -0.778108 6.73062e-06
 -0.774059 6.52446e-06
 -0.770055 6.32396e-06
 -0.766096 6.12889e-06
 -0.76218 5.93903e-06
 -0.758309 5.75417e-06
 -0.75448 5.5741e-06
 -0.750694 5.39863e-06
 -0.746949 5.22757e-06
 -0.743246 5.06074e-06
 -0.739584 4.89796e-06
 -0.735962 4.73905e-06
 -0.73238 4.58385e-06
 -0.728838 4.43221e-06
 -0.725334 4.28397e-06
 -0.721869 4.13897e-06
 -0.718442 3.99708e-06
 -0.715052 3.85815e-06
 -0.7117 3.72205e-06
 -0.708385 3.58864e-06
 -0.705106 3.45779e-06
 -0.701863 3.32938e-06
 -0.698656 3.20328e-06
 -0.695484 3.07938e-06
 -0.692348 2.95755e-06
 -0.689246 2.83769e-06
 -0.686179 2.71967e-06
 -0.683146 2.60339e-06
 -0.680147 2.48875e-06
 -0.677181 2.37563e-06
 -0.674249 2.26393e-06
 -0.67135 2.15354e-06
 -0.668484 2.04437e-06
 -0.66565 1.93632e-06
 -0.662849 1.82927e-06
 -0.660081 1.72314e-06
 -0.657344 1.61783e-06
 -0.654639 1.51324e-06
 -0.651966 1.40927e-06
 -0.649324 1.30581e-06
 -0.646714 1.20279e-06
 -0.644134 1.10009e-06
 -0.641587 9.97619e-07
 -0.63907 8.95279e-07
 -0.636584 7.92968e-07
 -0.634128 6.90587e-07
 -0.631704 5.88033e-07
 -0.62931 4.85202e-07
 -0.626947 3.81992e-07
 -0.624615 2.78294e-07
 -0.622313 1.74e-07
 -0.620042 6.90003e-08
 -0.617801 -3.68193e-08
 -0.615591 -1.43574e-07
 -0.613411 -2.51384e-07
 -0.611263 -3.60369e-07
 -0.609144 -4.70657e-07
 -0.607057 -5.82376e-07
 -0.605 -6.9566e-07
 -0.602975 -8.10646e-07
 -0.60098 -9.27479e-07
 -0.599017 -1.04631e-06
 -0.597085 -1.16728e-06
 -0.595184 -1.29056e-06
 -0.593316 -1.41632e-06
 -0.591479 -1.54472e-06
 -0.589674 -1.67595e-06
 -0.587901 -1.81019e-06
 -0.586161 -1.94764e-06
 -0.584454 -2.08852e-06
 -0.58278 -2.23303e-06
 -0.581139 -2.3814e-06
 -0.579533 -2.53386e-06
 -0.57796 -2.69068e-06
 -0.576422 -2.8521e-06
 -0.574918 -3.01842e-06
 -0.57345 -3.18991e-06
 -0.572018 -3.36688e-06
 -0.570622 -3.54966e-06
 -0.569262 -3.7386e-06
 -0.56794 -3.93405e-06
 -0.566656 -4.13639e-06
 -0.56541 -4.34604e-06
 -0.564203 -4.56342e-06
 -0.563035 -4.78899e-06
 -0.561908 -5.02322e-06
 -0.560822 -5.26664e-06
 -0.559778 -5.51979e-06
 -0.558777 -5.78325e-06
 -0.557819 -6.05764e-06
 -0.556905 -6.34363e-06
 -0.556037 -6.6419e-06
 -0.555214 -6.95321e-06
 -0.554439 -7.27837e-06
 -0.553713 -7.61823e-06
 -0.553035 -7.9737e-06
 -0.552409 -8.34577e-06
 -0.551834 -8.73549e-06
 -0.551312 -9.14398e-06
 -0.550845 -9.57245e-06
 -0.550434 -1.00222e-05
 -0.55008 -1.04946e-05
 -0.549785 -1.09912e-05
 -0.549551 -1.15136e-05
 -0.549379 -1.20636e-05
 -0.549272 -1.26429e-05
 -0.54923 -1.32537e-05
 -0.549257 -1.38982e-05
 -0.549354 -1.45786e-05
 -0.549523 -1.52977e-05
 -0.549767 -1.60581e-05
 -0.550089 -1.68629e-05
 -0.55049 -1.77154e-05
 -0.550974 -1.86191e-05
 -0.551544 -1.95779e-05
 -0.552202 -2.05962e-05
 -0.552951 -2.16784e-05
 -0.553796 -2.28297e-05
 -0.554739 -2.40555e-05
 -0.555785 -2.53619e-05
 -0.556937 -2.67556e-05
 -0.5582 -2.82439e-05
 -0.559578 -2.98346e-05
 -0.561075 -3.15368e-05
 -0.562697 -3.33601e-05
 -0.564449 -3.53153e-05
 -0.566337 -3.74143e-05
 -0.568366 -3.96703e-05
 -0.570543 -4.20979e-05
 -0.572874 -4.47136e-05
 -0.575366 -4.75354e-05
 -0.578028 -5.05833e-05
 -0.580867 -5.38798e-05
 -0.583892 -5.74507e-05
 -0.587112 -6.13251e-05
 -0.590536 -6.55352e-05
 -0.594176 -7.01164e-05
 -0.598042 -7.51095e-05
 -0.602147 -8.05616e-05
 -0.606503 -8.65272e-05
 -0.611124 -9.30681e-05
 -0.616026 -0.000100252
 -0.621223 -0.000108157
 -0.626734 -0.000116875
 -0.632577 -0.000126513
 -0.638772 -0.0001372
 -0.645341 -0.000149091
 -0.652307 -0.000162368
 -0.659697 -0.00017723
 -0.667538 -0.000193894
 -0.675861 -0.000212633
 -0.684698 -0.000233851
 -0.694085 -0.000258131
 -0.704064 -0.000286259
 -0.714676 -0.000319284
 -0.725971 -0.000358805
 -0.738002 -0.000407221
 -0.750832 -0.000466796
 -0.764531 -0.000536679
 -0.779175 -0.000610752
 -0.794839 -0.000682708
 -0.811604 -0.000756343
 -0.829577 -0.000841897
 -0.848887 -0.000931945
 -0.869651 -0.000997057
 -0.891963 -0.00103394
 -0.915945 -0.00110943
 -0.941831 -0.00131886
 -0.969962 -0.00168623
 -1.0007 -0.00210959
 -1.03431 -0.00241303
 -1.07093 -0.00249725
 -1.11074 -0.00248389
 -1.15412 -0.00268749
 -1.20186 -0.00341011
 -1.25504 -0.00473114
 -1.3149 -0.00635929
 -1.38247 -0.00762496
 -1.45823 -0.00798038
 -1.54244 -0.00797874
 -1.63671 -0.00953554
 -1.74526 -0.0144613
 -1.8741 -0.0224734
 -2.02863 -0.0312822
 -2.21249 -0.0400462
 -2.43165 -0.0540561
 -2.70389 -0.0854469
 -3.07079 -0.147447
 -3.61516 -0.241451
 -4.49088 -0.313859
 -5.91857 -0.130577
 -7.9886 0.905393
 -10.1462 3.68501
 -10.7639 8.57999
 -7.89929 14.1704
 -1.4494 17.3427
 5.75339 15.8811
 10.1801 10.8407
 10.7411 5.38371
 8.94137 1.75186
 6.72076 0.141645
 5.03742 -0.281616
 3.97695 -0.268072
 3.32876 -0.174272
 2.90556 -0.102863
 2.60088 -0.0632114
 2.36245 -0.043622
 2.1665 -0.032597
 2.00274 -0.0240047
 1.86556 -0.0165879
 1.74992 -0.0111833
 1.6507 -0.00830501
 1.56368 -0.00728334
 1.4862 -0.00681077
 1.4171 -0.00596284
 1.3558 -0.00468176
 1.30151 -0.00344139
 1.25313 -0.00263552
 1.20955 -0.00229069
 1.16996 -0.00218384
 1.13388 -0.00208102
 1.10101 -0.00187371
 1.07113 -0.00158682
 1.04395 -0.00130564
 1.01918 -0.00109137
 0.996549 -0.000952947
 0.975809 -0.000868182
 0.956781 -0.000805844
 0.939323 -0.000740187
 0.923321 -0.000663884
 0.90867 -0.000585918
 0.895264 -0.000515307
 0.883003 -0.000452741
 0.871806 -0.000395889
 0.861598 -0.000344748
 0.852313 -0.000300636
 0.843889 -0.00026378
 0.836271 -0.000233122
 0.829411 -0.000207267
 0.823265 -0.000185091
 0.817794 -0.000165809
 0.812962 -0.00014887
 0.808738 -0.00013387
 0.805092 -0.000120511
 0.801998 -0.000108559
 0.799432 -9.78274e-05
 0.797373 -8.81563e-05
 0.7958 -7.94072e-05
 0.794697 -7.14599e-05
 0.794046 -6.42117e-05
 0.793834 -5.75764e-05
 0.794047 -5.14803e-05
 0.794673 -4.58589e-05
 0.795703 -4.06556e-05
 0.797126 -3.58203e-05
 0.798934 -3.13087e-05
 0.80112 -2.70816e-05
 0.803677 -2.31042e-05
 0.8066 -1.93454e-05
 0.809885 -1.57771e-05
 0.813527 -1.23739e-05
 0.817523 -9.11247e-06
 0.821872 -5.97175e-06
 0.826572 -2.93215e-06
 0.831621 2.44902e-08
 0.83702 2.91517e-06
 0.842768 5.75595e-06
 0.848869 8.5621e-06
 0.855322 1.13483e-05
 0.862131 1.41288e-05
 0.869299 1.69175e-05
 0.876829 1.97281e-05
 0.884727 2.25744e-05
 0.892997 2.54701e-05
 0.901645 2.84294e-05
 0.910677 3.14666e-05
 0.920102 3.45965e-05
 0.929927 3.78348e-05
 0.94016 4.11977e-05
 0.950813 4.47025e-05
 0.961894 4.83675e-05
 0.973415 5.22125e-05
 0.98539 5.62585e-05
 0.99783 6.05285e-05
 1.01075 6.50474e-05
 1.02417 6.98423e-05
 1.03809 7.4943e-05
 1.05255 8.03825e-05
 1.06756 8.61965e-05
 1.08314 9.24231e-05
 1.0993 9.89139e-05
 1.11609 0.000105888
 1.13351 0.000113403
 1.1516 0.000121512
 1.17039 0.000129728
 1.1899 0.000138525
 1.21018 0.000148073
 1.23125 0.000158459
 1.25316 0.000169778
 1.27594 0.000182129
 1.29965 0.000194764
 1.32433 0.000207297
 1.35004 0.000221051
 1.37683 0.000235967
 1.40476 0.000251897
 1.4339 0.000269515
 1.46432 0.00028903
 1.4961 0.000309389
 1.52932 0.000324733
 1.56409 0.000341563
 1.60049 0.000360498
 1.63865 0.00038188
 1.67869 0.000405992
 1.72073 0.000426692
 1.76493 0.000428832
 1.81145 0.000426066
 1.86048 0.000423713
 1.91221 0.000406696
 1.96686 0.000330179
 2.0247 0.000210376
 2.08599 -4.9646e-05
 2.15107 -0.000607636
 2.22026 -0.00203551
 2.29346 -0.00665802
