 1.98765e+20
 3.21321e+20
 2.14952e+21
 6.94759e+21
 1.68487e+22
 3.39766e+22
 5.68401e+22
 -9.4261e+22
 1.49537e+23
 2.40799e+23
 3.44161e+23
 4.81704e+23
 6.57592e+23
 8.32151e+23
 -1.04801e+24
 1.39122e+24
 1.84835e+24
 -2.1845e+24
 2.807e+24
 3.8218e+24
 4.6224e+24
 5.60763e+24
 6.75566e+24
 8.06153e+24
 9.0848e+24
 -1.00449e+25
 1.20157e+25
 1.46926e+25
 -1.54858e+25
 1.80944e+25
 2.26545e+25
 2.48173e+25
 2.72145e+25
 2.8241e+25
 -2.81153e+25
 3.02821e+25
 3.5143e+25
 3.4936e+25
 3.4467e+25
 3.31821e+25
 3.09296e+25
 2.77002e+25
 2.35323e+25
 1.85018e+25
 1.24822e+25
 -5.41235e+24
 -9.89833e+23
 -7.29157e+24
 -1.45014e+25
 -2.04093e+25
 2.54129e+25
 -3.1813e+25
 -4.04061e+25
 -4.43519e+25
 -4.57845e+25
 4.68576e+25
 5.03341e+25
 -4.78534e+25
 -5.12957e+25
 -3.60644e+24
