 2.20234e-09 1.40823e-09
 -13.8456 -8.99917
 -17.0039 -10.9461
 -18.7154 -11.9159
 -19.683 -12.3634
 -20.4104 -12.6097
 -21.0184 -12.7305
 -21.5241 -12.7372
 -21.947 -12.6449
 -22.2857 -12.4582
 -22.5648 -12.1939
 -22.8185 -11.8709
 -23.0361 -11.4875
 -23.2103 -11.0462
 -23.3385 -10.5525
 -23.4184 -10.0128
 -23.447 -9.43372
 -23.4217 -8.8224
 -23.3406 -8.18648
 -23.2025 -7.53399
 -23.0078 -6.87282
 -22.7585 -6.21046
 -22.4572 -5.55394
 -22.1062 -4.91022
 -21.7083 -4.28619
 -21.2674 -3.68842
 -20.7881 -3.12273
 -20.2756 -2.59415
 -19.7359 -2.10676
 -19.1752 -1.66367
 -18.5999 -1.26692
 -18.0165 -0.917439
 -17.4314 -0.615108
 -16.8503 -0.358808
 -16.2789 -0.146491
 -15.7218 0.0246843
 -15.1831 0.158165
 -14.6663 0.257802
 -14.1738 0.327673
 -13.7073 0.371966
 -13.268 0.394849
 -12.8561 0.400351
 -12.4715 0.392266
 -12.1132 0.374059
 -11.7801 0.348819
 -11.4706 0.319204
 -11.1829 0.287427
 -10.9151 0.255262
 -10.6651 0.224056
 -10.4312 0.194768
 -10.2114 0.168022
 -10.0042 0.144164
 -9.80788 0.123305
 -9.62124 0.105386
 -9.44309 0.0902275
 -9.27246 0.0775668
 -9.10856 0.0671002
 -8.95071 0.058509
 -8.79838 0.0514834
 -8.65114 0.0457383
 -8.50864 0.0410193
 -8.3706 0.037109
 -8.23679 0.0338281
 -8.10701 0.0310325
 -7.98109 0.0286099
 -7.85888 0.0264757
 -7.74025 0.024567
 -7.62504 0.0228381
 -7.51315 0.0212569
 -7.40444 0.0198008
 -7.2988 0.0184541
 -7.1961 0.0172057
 -7.09624 0.0160473
 -6.9991 0.0149726
 -6.90458 0.0139759
 -6.81258 0.0130521
 -6.72299 0.0121965
 -6.63573 0.0114046
 -6.55071 0.0106722
 -6.46783 0.00999487
 -6.38703 0.00936846
 -6.30821 0.008789
 -6.23132 0.00825274
 -6.15628 0.00775615
 -6.08302 0.007296
 -6.01149 0.00686922
 -5.94161 0.00647302
 -5.87334 0.00610484
 -5.80662 0.00576228
 -5.7414 0.00544321
 -5.67762 0.00514567
 -5.61525 0.00486791
 -5.55423 0.00460832
 -5.49451 0.00436548
 -5.43607 0.00413805
 -5.37886 0.00392487
 -5.32284 0.00372484
 -5.26797 0.00353698
 -5.21422 0.00336041
 -5.16156 0.00319433
 -5.10995 0.003038
 -5.05936 0.00289075
 -5.00976 0.00275197
 -4.96113 0.00262109
 -4.91343 0.00249759
 -4.86663 0.00238098
 -4.82073 0.00227083
 -4.77567 0.00216672
 -4.73146 0.00206826
 -4.68805 0.0019751
 -4.64543 0.00188692
 -4.60358 0.00180341
 -4.56248 0.0017243
 -4.52211 0.00164931
 -4.48244 0.00157819
 -4.44346 0.00151071
 -4.40516 0.00144667
 -4.36751 0.00138585
 -4.3305 0.00132807
 -4.29411 0.00127316
 -4.25832 0.00122095
 -4.22313 0.00117128
 -4.18852 0.00112402
 -4.15446 0.00107904
 -4.12096 0.0010362
 -4.08799 0.000995381
 -4.05555 0.000956486
 -4.02362 0.000919404
 -3.99218 0.000884035
 -3.96124 0.000850285
 -3.93077 0.000818069
 -3.90076 0.000787306
 -3.87121 0.000757921
 -3.8421 0.000729843
 -3.81343 0.000703003
 -3.78518 0.00067734
 -3.75735 0.000652792
 -3.72993 0.000629303
 -3.7029 0.000606822
 -3.67626 0.000585297
 -3.65 0.000564682
 -3.62411 0.000544931
 -3.59859 0.000526004
 -3.57343 0.000507861
 -3.54861 0.000490463
 -3.52414 0.000473775
 -3.5 0.000457764
 -3.47619 0.000442398
 -3.4527 0.000427647
 -3.42953 0.000413482
 -3.40667 0.000399877
 -3.38411 0.000386806
 -3.36184 0.000374245
 -3.33987 0.00036217
 -3.31818 0.00035056
 -3.29678 0.000339393
 -3.27564 0.000328652
 -3.25478 0.000318316
 -3.23418 0.000308369
 -3.21384 0.000298792
 -3.19375 0.00028957
 -3.17392 0.000280688
 -3.15432 0.000272131
 -3.13497 0.000263884
 -3.11586 0.000255936
 -3.09697 0.000248274
 -3.07832 0.000240885
 -3.05988 0.000233758
 -3.04167 0.000226883
 -3.02367 0.00022025
 -3.00589 0.000213848
 -2.98831 0.000207668
 -2.97094 0.000201702
 -2.95376 0.00019594
 -2.93679 0.000190374
 -2.92001 0.000184997
 -2.90342 0.000179801
 -2.88701 0.00017478
 -2.87079 0.000169926
 -2.85476 0.000165232
 -2.8389 0.000160694
 -2.82321 0.000156304
 -2.8077 0.000152058
 -2.79236 0.000147949
 -2.77718 0.000143973
 -2.76217 0.000140124
 -2.74732 0.000136398
 -2.73263 0.000132791
 -2.7181 0.000129297
 -2.70372 0.000125913
 -2.68949 0.000122635
 -2.6754 0.000119459
 -2.66147 0.000116381
 -2.64768 0.000113397
 -2.63403 0.000110505
 -2.62053 0.000107701
 -2.60716 0.000104982
 -2.59392 0.000102345
 -2.58082 9.9787e-05
 -2.56786 9.73053e-05
 -2.55502 9.48973e-05
 -2.54231 9.25604e-05
 -2.52972 9.02923e-05
 -2.51726 8.80905e-05
 -2.50492 8.59529e-05
 -2.4927 8.38772e-05
 -2.4806 8.18614e-05
 -2.46862 7.99035e-05
 -2.45675 7.80014e-05
 -2.445 7.61534e-05
 -2.43336 7.43577e-05
 -2.42183 7.26126e-05
 -2.4104 7.09163e-05
 -2.39909 6.92674e-05
 -2.38788 6.76643e-05
 -2.37677 6.61057e-05
 -2.36577 6.45899e-05
 -2.35487 6.31156e-05
 -2.34407 6.16814e-05
 -2.33337 6.02862e-05
 -2.32276 5.89287e-05
 -2.31225 5.76077e-05
 -2.30184 5.63221e-05
 -2.29152 5.50707e-05
 -2.28129 5.38525e-05
 -2.27115 5.26665e-05
 -2.2611 5.15117e-05
 -2.25114 5.03871e-05
 -2.24127 4.92918e-05
 -2.23149 4.82249e-05
 -2.22178 4.71856e-05
 -2.21217 4.6173e-05
 -2.20263 4.51863e-05
 -2.19318 4.42248e-05
 -2.18381 4.32877e-05
 -2.17452 4.23743e-05
 -2.16531 4.1484e-05
 -2.15617 4.06159e-05
 -2.14712 3.97695e-05
 -2.13814 3.89442e-05
 -2.12923 3.81392e-05
 -2.1204 3.73542e-05
 -2.11164 3.65884e-05
 -2.10295 3.58413e-05
 -2.09433 3.51124e-05
 -2.08579 3.44012e-05
 -2.07731 3.37072e-05
 -2.0689 3.30299e-05
 -2.06056 3.23688e-05
 -2.05229 3.17235e-05
 -2.04408 3.10935e-05
 -2.03594 3.04784e-05
 -2.02786 2.98779e-05
 -2.01985 2.92914e-05
 -2.0119 2.87186e-05
 -2.00402 2.81592e-05
 -1.99619 2.76128e-05
 -1.98843 2.7079e-05
 -1.98072 2.65575e-05
 -1.97308 2.6048e-05
 -1.96549 2.55501e-05
 -1.95797 2.50635e-05
 -1.9505 2.4588e-05
 -1.94308 2.41232e-05
 -1.93573 2.36689e-05
 -1.92843 2.32247e-05
 -1.92118 2.27905e-05
 -1.91399 2.23659e-05
 -1.90685 2.19507e-05
 -1.89977 2.15447e-05
 -1.89273 2.11476e-05
 -1.88575 2.07592e-05
 -1.87883 2.03793e-05
 -1.87195 2.00077e-05
 -1.86512 1.96441e-05
 -1.85834 1.92883e-05
 -1.85161 1.89402e-05
 -1.84494 1.85996e-05
 -1.8383 1.82662e-05
 -1.83172 1.794e-05
 -1.82518 1.76206e-05
 -1.81869 1.7308e-05
 -1.81225 1.70019e-05
 -1.80585 1.67023e-05
 -1.7995 1.6409e-05
 -1.79319 1.61217e-05
 -1.78693 1.58404e-05
 -1.78071 1.55649e-05
 -1.77453 1.52951e-05
 -1.7684 1.50308e-05
 -1.7623 1.47719e-05
 -1.75625 1.45183e-05
 -1.75025 1.42698e-05
 -1.74428 1.40264e-05
 -1.73835 1.37879e-05
 -1.73247 1.35541e-05
 -1.72662 1.3325e-05
 -1.72082 1.31005e-05
 -1.71505 1.28805e-05
 -1.70932 1.26648e-05
 -1.70363 1.24533e-05
 -1.69798 1.2246e-05
 -1.69237 1.20428e-05
 -1.68679 1.18436e-05
 -1.68125 1.16482e-05
 -1.67575 1.14566e-05
 -1.67028 1.12687e-05
 -1.66485 1.10844e-05
 -1.65945 1.09036e-05
 -1.65409 1.07263e-05
 -1.64876 1.05524e-05
 -1.64347 1.03818e-05
 -1.63821 1.02144e-05
 -1.63299 1.00502e-05
 -1.6278 9.88904e-06
 -1.62264 9.73091e-06
 -1.61752 9.57572e-06
 -1.61243 9.42342e-06
 -1.60737 9.27394e-06
 -1.60234 9.12723e-06
 -1.59735 8.9832e-06
 -1.59238 8.84182e-06
 -1.58745 8.70302e-06
 -1.58255 8.56675e-06
 -1.57768 8.43295e-06
 -1.57283 8.30157e-06
 -1.56802 8.17256e-06
 -1.56324 8.04586e-06
 -1.55849 7.92143e-06
 -1.55377 7.79922e-06
 -1.54907 7.67918e-06
 -1.54441 7.56127e-06
 -1.53977 7.44545e-06
 -1.53516 7.33167e-06
 -1.53058 7.21988e-06
 -1.52603 7.11004e-06
 -1.5215 7.00211e-06
 -1.517 6.89606e-06
 -1.51253 6.79185e-06
 -1.50809 6.68942e-06
 -1.50367 6.58875e-06
 -1.49928 6.48981e-06
 -1.49491 6.39254e-06
 -1.49057 6.29693e-06
 -1.48625 6.20294e-06
 -1.48197 6.11052e-06
 -1.4777 6.01966e-06
 -1.47346 5.93032e-06
 -1.46925 5.84247e-06
 -1.46506 5.75608e-06
 -1.46089 5.67111e-06
 -1.45675 5.58755e-06
 -1.45264 5.50536e-06
 -1.44854 5.42451e-06
 -1.44447 5.34498e-06
 -1.44043 5.26675e-06
 -1.4364 5.18978e-06
 -1.4324 5.11405e-06
 -1.42843 5.03954e-06
 -1.42447 4.96622e-06
 -1.42054 4.89406e-06
 -1.41663 4.82306e-06
 -1.41274 4.75317e-06
 -1.40887 4.68439e-06
 -1.40503 4.61669e-06
 -1.40121 4.55005e-06
 -1.39741 4.48444e-06
 -1.39363 4.41985e-06
 -1.38987 4.35626e-06
 -1.38613 4.29365e-06
 -1.38241 4.232e-06
 -1.37872 4.17129e-06
 -1.37504 4.1115e-06
 -1.37138 4.05262e-06
 -1.36775 3.99463e-06
 -1.36413 3.9375e-06
 -1.36054 3.88123e-06
 -1.35696 3.8258e-06
 -1.35341 3.77118e-06
 -1.34987 3.71738e-06
 -1.34635 3.66436e-06
 -1.34285 3.61212e-06
 -1.33937 3.56064e-06
 -1.33591 3.5099e-06
 -1.33247 3.4599e-06
 -1.32905 3.41062e-06
 -1.32564 3.36203e-06
 -1.32226 3.31414e-06
 -1.31889 3.26693e-06
 -1.31554 3.22038e-06
 -1.3122 3.17449e-06
 -1.30889 3.12923e-06
 -1.30559 3.0846e-06
 -1.30231 3.04059e-06
 -1.29905 2.99718e-06
 -1.29581 2.95437e-06
 -1.29258 2.91213e-06
 -1.28937 2.87047e-06
 -1.28618 2.82937e-06
 -1.283 2.78881e-06
 -1.27984 2.7488e-06
 -1.2767 2.70931e-06
 -1.27357 2.67034e-06
 -1.27046 2.63188e-06
 -1.26737 2.59391e-06
 -1.26429 2.55644e-06
 -1.26123 2.51945e-06
 -1.25819 2.48292e-06
 -1.25516 2.44686e-06
 -1.25214 2.41125e-06
 -1.24915 2.37609e-06
 -1.24616 2.34136e-06
 -1.2432 2.30706e-06
 -1.24025 2.27318e-06
 -1.23731 2.2397e-06
 -1.23439 2.20664e-06
 -1.23148 2.17396e-06
 -1.22859 2.14168e-06
 -1.22572 2.10977e-06
 -1.22286 2.07823e-06
 -1.22001 2.04706e-06
 -1.21718 2.01625e-06
 -1.21436 1.98579e-06
 -1.21156 1.95567e-06
 -1.20877 1.92589e-06
 -1.206 1.89644e-06
 -1.20324 1.86731e-06
 -1.2005 1.8385e-06
 -1.19777 1.81e-06
 -1.19505 1.7818e-06
 -1.19235 1.7539e-06
 -1.18966 1.72629e-06
 -1.18699 1.69897e-06
 -1.18433 1.67192e-06
 -1.18168 1.64515e-06
 -1.17904 1.61865e-06
 -1.17642 1.5924e-06
 -1.17382 1.56642e-06
 -1.17122 1.54068e-06
 -1.16865 1.51519e-06
 -1.16608 1.48994e-06
 -1.16353 1.46492e-06
 -1.16098 1.44013e-06
 -1.15846 1.41556e-06
 -1.15594 1.39122e-06
 -1.15344 1.36708e-06
 -1.15095 1.34316e-06
 -1.14848 1.31943e-06
 -1.14602 1.29591e-06
 -1.14357 1.27257e-06
 -1.14113 1.24943e-06
 -1.1387 1.22647e-06
 -1.13629 1.20369e-06
 -1.13389 1.18108e-06
 -1.1315 1.15864e-06
 -1.12913 1.13637e-06
 -1.12677 1.11425e-06
 -1.12442 1.0923e-06
 -1.12208 1.07049e-06
 -1.11975 1.04883e-06
 -1.11744 1.02731e-06
 -1.11514 1.00593e-06
 -1.11285 9.84682e-07
 -1.11057 9.63562e-07
 -1.1083 9.42569e-07
 -1.10605 9.21703e-07
 -1.10381 9.0097e-07
 -1.10158 8.80368e-07
 -1.09936 8.59893e-07
 -1.09715 8.39536e-07
 -1.09496 8.19279e-07
 -1.09278 7.99105e-07
 -1.0906 7.79018e-07
 -1.08844 7.65636e-07
 -1.0863 7.65004e-07
 -1.08416 7.64382e-07
 -1.08203 7.63778e-07
 -1.07992 7.63205e-07
 -1.07782 7.62652e-07
 -1.07573 7.6205e-07
 -1.07365 7.61309e-07
 -1.07158 7.60348e-07
 -1.06952 7.60922e-07
 -1.06747 8.39661e-07
 -1.06544 9.17673e-07
 -1.06342 9.94917e-07
 -1.0614 1.07156e-06
 -1.0594 1.14796e-06
 -1.05741 1.22441e-06
 -1.05543 1.30103e-06
 -1.05347 1.37759e-06
 -1.05151 1.4534e-06
 -1.04956 1.52741e-06
 -1.04763 1.59863e-06
 -1.04571 1.66743e-06
 -1.04379 2.09866e-06
 -1.04189 2.54541e-06
 -1.04 3.00692e-06
 -1.03812 3.47466e-06
 -1.03625 3.96059e-06
 -1.0344 4.52792e-06
 -1.03255 5.21e-06
 -1.03071 6.02057e-06
 -1.02889 7.00747e-06
 -1.02707 9.7038e-06
 -1.02527 1.31399e-05
 -1.02348 1.6585e-05
 -1.02169 2.03656e-05
 -1.01992 2.64565e-05
 -1.01816 3.78511e-05
 -1.01641 5.97913e-05
 -1.01467 0.000104858
