 798.682
 794.283
 774.485
 736.943
 681.174
 609.632
 527.655
 442.6
 362.129
 292.468
 236.839
 195.205
 164.571
 141.412
 122.937
 107.474
 94.2194
 82.8077
 73.0184
 64.6547
 57.5213
 51.4346
 46.2271
 41.7544
 37.8948
 34.5469
 31.6275
 29.0683
 26.8129
 24.8157
 23.0388
 21.4507
 20.0251
 18.7404
 17.5783
 16.5235
 15.5628
 14.6852
 13.8811
 13.1426
 12.4624
 11.8345
 11.2536
 10.715
 10.2147
 9.74917
 9.31511
 8.90978
 8.53068
 8.1756
 7.84257
 7.52986
 7.23593
 6.95945
 6.69927
 6.4545
 6.22441
 6.0085
 5.80658
 5.61875
 5.44545
 5.28747
 5.14605
 5.02277
 4.91942
 4.83804
 4.78067
 4.74873
 4.74125
 4.74893
