 -1.42745e-14 -1.39982e-12
 -0.245104 -11.641
 -0.316113 -9.34947
 -0.443874 -13.3023
 -0.537549 -14.3812
 -0.570135 -14.2689
 -0.648751 -15.2694
 -0.699754 -15.4492
 -0.791159 -16.4042
 -0.883624 -17.0723
 -0.995387 -17.9153
 -1.1199 -18.7291
 -1.26193 -19.6179
 -1.42007 -20.5077
 -1.59757 -21.4487
 -1.79441 -22.4054
 -2.01249 -23.3903
 -2.25253 -24.3896
 -2.51602 -25.4077
 -2.80386 -26.4373
 -3.11738 -27.4786
 -3.45767 -28.5275
 -3.8259 -29.5825
 -4.22318 -30.6407
 -4.65065 -31.7004
 -5.10932 -32.7592
 -5.60023 -33.8151
 -6.12439 -34.8661
 -6.68275 -35.9102
 -7.2762 -36.9455
 -7.9056 -37.9698
 -8.57173 -38.9813
 -9.27535 -39.978
 -10.0171 -40.9577
 -10.7975 -41.9185
 -11.6172 -42.8583
 -12.4765 -43.7749
 -13.3757 -44.6662
 -14.3151 -45.53
 -15.2947 -46.364
 -16.3147 -47.166
 -17.3748 -47.9335
 -18.4748 -48.6642
 -19.6144 -49.3557
 -20.7929 -50.0056
 -22.0099 -50.6112
 -23.2644 -51.1702
 -24.5554 -51.6799
 -25.8818 -52.1379
 -27.2424 -52.5415
 -28.6355 -52.8883
 -30.0595 -53.1756
 -31.5125 -53.4009
 -32.9925 -53.5618
 -34.4972 -53.6558
 -36.0241 -53.6805
 -37.5705 -53.6335
 -39.1335 -53.5127
 -40.7101 -53.316
 -42.2969 -53.0413
 -43.8905 -52.6867
 -45.487 -52.2505
 -47.0826 -51.7311
 -48.6732 -51.1272
 -50.2544 -50.4375
 -51.8218 -49.6611
 -53.3706 -48.7972
 -54.8961 -47.8455
 -56.3931 -46.8057
 -57.8567 -45.6779
 -59.2814 -44.4625
 -60.6621 -43.1602
 -61.9931 -41.7722
 -63.269 -40.2999
 -64.4841 -38.7452
 -65.633 -37.1102
 -66.71 -35.3976
 -67.7096 -33.6104
 -68.6262 -31.7521
 -69.4546 -29.8266
 -70.1894 -27.8382
 -70.8255 -25.7918
 -71.3581 -23.6924
 -71.7826 -21.5458
 -72.0945 -19.358
 -72.2898 -17.1356
 -72.3648 -14.8855
 -72.3163 -12.6149
 -72.1414 -10.3316
 -71.8377 -8.04365
 -71.4033 -5.75933
 -70.8369 -3.48733
 -70.1379 -1.23658
 -69.3061 0.983788
 -68.3421 3.16447
 -67.2473 5.29603
 -66.0235 7.36894
 -64.6735 9.37366
 -63.2008 11.3007
 -61.6096 13.1406
 -59.905 14.8842
 -58.0928 16.5225
 -56.1797 18.0467
 -54.173 19.4485
 -52.081 20.7201
 -49.9125 21.854
 -47.6773 22.8435
 -45.3856 23.6824
 -43.0485 24.3655
 -40.6775 24.8882
 -38.2847 25.2469
 -35.8828 25.4387
 -33.4847 25.462
 -31.1037 25.3163
 -28.7533 25.0018
 -26.4473 24.5204
 -24.1994 23.8747
 -22.0231 23.0689
 -19.9319 22.1081
 -17.9389 20.999
 -16.057 19.7492
 -14.2981 18.3677
 -12.674 16.8647
 -11.1952 15.2514
 -9.87165 13.5402
 -8.71206 11.7445
 -7.72408 9.8786
 -6.9141 7.95778
 -6.28713 5.99791
 -5.84675 4.01554
 -5.595 2.0277
 -5.53229 0.0517453
 -5.6574 -1.89477
 -5.96738 -3.79429
 -6.45757 -5.62938
 -7.12152 -7.38295
 -7.9511 -9.03844
 -8.93644 -10.5799
 -10.066 -11.9925
 -11.3267 -13.2621
 -12.704 -14.3762
 -14.1818 -15.3234
 -15.7429 -16.094
 -17.3689 -16.6802
 -19.0407 -17.0759
 -20.7381 -17.2769
 -22.4408 -17.2814
 -24.1278 -17.0895
 -25.7783 -16.7037
 -27.3716 -16.1287
 -28.8875 -15.3715
 -30.3063 -14.4414
 -31.6095 -13.3497
 -32.7796 -12.11
 -33.8007 -10.7379
 -34.6587 -9.25058
 -35.3412 -7.66717
 -35.838 -6.0081
 -36.1413 -4.295
 -36.2459 -2.55049
 -36.149 -0.797829
 -35.8505 0.939384
 -35.3534 2.63751
 -34.6631 4.27321
 -33.7881 5.82381
 -32.7394 7.26761
 -31.5309 8.58426
 -30.1786 9.75503
 -28.7012 10.7632
 -27.1191 11.5944
 -25.4547 12.2366
 -23.7319 12.6807
 -21.9754 12.9207
 -20.2111 12.9535
 -18.465 12.7793
 -16.7631 12.4017
 -15.1308 11.8277
 -13.5927 11.0674
 -12.1721 10.1341
 -10.8903 9.04408
 -9.76672 7.81652
 -8.81799 6.47297
 -8.05794 5.03718
 -7.49719 3.53466
 -7.14294 1.9923
 -6.99875 0.437851
 -7.06441 -1.10052
 -7.33591 -2.59479
 -7.80539 -4.01755
 -8.4613 -5.34259
 -9.2885 -6.54539
 -10.2685 -7.60361
 -11.3799 -8.4976
 -12.5983 -9.2108
 -13.8976 -9.73011
 -15.2495 -10.0463
 -16.6247 -10.154
 -17.9935 -10.0522
 -19.3258 -9.74432
 -20.5925 -9.23774
 -21.7656 -8.54427
 -22.8189 -7.67968
 -23.7289 -6.66343
 -24.475 -5.51839
 -25.0399 -4.27029
 -25.4107 -2.94724
 -25.5783 -1.57914
 -25.5386 -0.196983
 -25.2918 1.16779
 -24.8431 2.48402
 -24.2024 3.72161
 -23.3841 4.85217
 -22.4068 5.84974
 -21.293 6.69148
 -20.0685 7.35821
 -18.762 7.83494
 -17.4041 8.1113
 -16.027 8.18184
 -14.6634 8.04623
 -13.3455 7.70934
 -12.1049 7.18115
 -10.9708 6.47655
 -9.97003 5.61505
 -9.12597 4.62028
 -8.45785 3.51942
 -7.98031 2.3425
 -7.70292 1.12165
 -7.62986 -0.109765
 -7.75976 -1.31805
 -8.08568 -2.47012
 -8.59522 -3.53439
 -9.27087 -4.48174
 -10.0904 -5.28628
 -11.0275 -5.92621
 -12.0525 -6.38444
 -13.1331 -6.64912
 -14.2354 -6.71409
 -15.325 -6.57903
 -16.3676 -6.24963
 -17.3305 -5.73736
 -18.1836 -5.05924
 -18.8997 -4.23738
 -19.4563 -3.29826
 -19.8356 -2.27204
 -20.0254 -1.19155
 -20.0196 -0.0913621
 -19.8182 0.993368
 -19.4276 2.02799
 -18.8602 2.97949
 -18.1344 3.8176
 -17.2734 4.51579
 -16.3053 5.05218
 -15.2615 5.41032
 -14.1759 5.57978
 -13.0841 5.55652
 -12.0216 5.3431
 -11.0228 4.94864
 -10.1201 4.38849
 -9.34234 3.68383
 -8.71401 2.86085
 -8.25419 1.94993
 -7.97595 0.984527
 -7.88579 1.5738e-05
 -7.98338 -0.967611
 -8.2615 -1.88305
 -8.70633 -2.713
 -9.29788 -3.4274
 -10.0107 -4.00062
 -10.8149 -4.41237
 -11.6771 -4.64859
 -12.5619 -4.70198
 -13.433 -4.57229
 -14.255 -4.26642
 -14.9941 -3.79814
 -15.6204 -3.18759
 -16.1082 -2.46051
 -16.4375 -1.64724
 -16.595 -0.781477
 -16.5741 0.101023
 -16.3758 0.963951
 -16.0082 1.77192
 -15.4867 2.49194
 -14.8329 3.09483
 -14.0738 3.55641
 -13.2411 3.85861
 -12.3692 3.99021
 -11.4943 3.94738
 -10.6526 3.73387
 -9.87856 3.36083
 -9.2037 2.8464
 -8.65498 2.21488
 -8.25364 1.4957
 -8.01426 0.722083
 -7.94405 -0.0704251
 -8.04251 -0.84557
 -8.30143 -1.56805
 -8.70529 -2.20515
 -9.23188 -2.72827
 -9.85341 -3.11424
 -10.5378 -3.34646
 -11.25 -3.41569
 -11.954 -3.32049
 -12.6143 -3.06731
 -13.1977 -2.6702
 -13.6749 -2.15014
 -14.022 -1.53402
 -14.2215 -0.853297
 -14.2635 -0.142497
 -14.146 0.562548
 -13.8748 1.22648
 -13.4638 1.81622
 -12.9336 2.30262
 -12.3111 2.662
 -11.6277 2.87735
 -10.9176 2.93922
 -10.2165 2.84623
 -9.55938 2.60513
 -8.97857 2.23046
 -8.50224 1.74378
 -8.15284 1.17251
 -7.94582 0.548474
 -7.88886 -0.0938513
 -7.98141 -0.719196
 -8.21473 -1.29344
 -8.57239 -1.7855
 -9.03115 -2.16903
 -9.56229 -2.42396
 -10.1332 -2.53754
 -10.7093 -2.50512
 -11.2558 -2.33037
 -11.7401 -2.02511
 -12.1332 -1.60858
 -12.4115 -1.10636
 -12.5587 -0.548838
 -12.5658 0.0305549
 -12.4324 0.597325
 -12.1665 1.11797
 -11.7838 1.56196
 -11.3071 1.90361
 -10.7646 2.12358
 -10.1882 2.21007
 -9.61205 2.15953
 -9.06963 1.97685
 -8.59229 1.67508
 -8.20712 1.27456
 -7.93519 0.80167
 -7.79035 0.287159
 -7.77827 -0.235833
 -7.89616 -0.73387
 -8.13293 -1.17537
 -8.46993 -1.53263
 -8.88217 -1.78363
 -9.33996 -1.91342
 -9.81087 -1.91512
 -10.2619 -1.79035
 -10.6615 -1.54909
 -10.9821 -1.209
 -11.2013 -0.794212
 -11.304 -0.333721
 -11.283 0.140635
 -11.1395 0.596324
 -10.8834 1.00236
 -10.5319 1.33145
 -10.1091 1.56182
 -9.64341 1.67878
 -9.16638 1.67571
 -8.70995 1.55449
 -8.30436 1.32533
 -7.97599 1.00607
 -7.74547 0.620825
 -7.62624 0.198261
 -7.62356 -0.23051
 -7.73418 -0.634193
 -7.94662 -0.983599
 -8.24199 -1.25379
 -8.59549 -1.4259
 -8.9782 -1.48852
 -9.35928 -1.43851
 -9.70834 -1.28125
 -9.99763 -1.03013
 -10.2043 -0.70556
 -10.3118 -0.333373
 -10.3116 0.05719
 -10.2035 0.435737
 -9.99554 0.773087
 -9.7036 1.04354
 -9.34994 1.22686
 -8.96153 1.30989
 -8.56779 1.28749
 -8.19834 1.16298
 -7.88056 0.947795
 -7.63744 0.660561
 -7.48573 0.325534
 -7.43461 -0.0293824
 -7.48499 -0.374928
 -7.62942 -0.682894
 -7.85283 -0.92844
 -8.13373 -1.09214
 -8.44607 -1.16156
 -8.76146 -1.13229
 -9.0515 -1.00825
 -9.29025 -0.801329
 -9.45639 -0.530331
 -9.53501 -0.219349
 -9.51886 0.10434
 -9.40894 0.412637
 -9.21437 0.679057
 -8.95156 0.881029
 -8.64272 1.00184
 -8.31389 1.0321
 -7.99264 0.970476
 -7.70555 0.823831
 -7.47594 0.606528
 -7.3217 0.339114
 -7.25381 0.0464353
 -7.27528 -0.244634
 -7.38102 -0.507645
 -7.55828 -0.718987
 -7.78789 -0.86004
 -8.04607 -0.918859
 -8.30665 -0.891245
 -8.54351 -0.781087
 -8.73306 -0.599957
 -8.85639 -0.36597
 -8.90107 -0.10204
 -8.86225 0.166323
 -8.74312 0.413463
 -8.55453 0.616028
 -8.31389 0.755207
 -8.04348 0.818521
 -7.76822 0.800988
 -7.51324 0.705569
 -7.30145 0.542825
 -7.15121 0.329829
 -7.07466 0.0884367
 -7.07644 -0.156915
 -7.15337 -0.381663
 -7.29475 -0.563581
 -7.48353 -0.685005
 -7.69807 -0.734584
 -7.91434 -0.7084
 -8.10841 -0.610311
 -8.25893 -0.451508
 -8.34925 -0.249311
 -8.36918 -0.0253369
 -8.31593 0.196778
 -8.19443 0.393859
 -8.01669 0.545619
 -7.80054 0.636774
 -7.56767 0.658628
 -7.34129 0.609953
 -7.1437 0.497059
 -6.99383 0.333075
 -6.90528 0.136479
 -6.88486 -0.0709344
 -6.93191 -0.266447
 -7.03842 -0.4289
 -7.18997 -0.541006
 -7.36736 -0.591217
 -7.54874 -0.574964
 -7.7121 -0.495111
 -7.83771 -0.361582
 -7.91028 -0.190196
 -7.92071 -0.000846079
 -7.86699 0.184777
 -7.75445 0.345659
 -7.59506 0.463851
 -7.40601 0.526498
 -7.20772 0.527275
 -7.02142 0.467069
 -6.86672 0.353819
 -6.75936 0.201535
 -6.70932 0.0286191
 -6.71982 -0.144333
 -6.78687 -0.296971
 -6.89991 -0.411594
 -7.04306 -0.475232
 -7.19708 -0.481145
 -7.34173 -0.429572
 -7.4582 -0.327634
 -7.53137 -0.188398
 -7.55165 -0.0292144
 -7.51609 0.130457
 -7.42866 0.271497
 -7.29973 0.377505
 -7.14468 0.436881
 -6.98194 0.444252
 -6.83056 0.4012
 -6.70782 0.316014
 -6.62679 0.202727
 -6.59486 0.0792731
 -6.61224 -0.0347216
 -6.67239 -0.120471
 -6.76181 -0.162527
 -6.86274 -0.150582
 -6.95361 -0.0814432
 -7.01374 0.0414244
 -7.02286 0.206283
 -6.96737 0.397387
 -6.83705 0.591968
 -6.63255 0.770253
 -6.35737 0.906461
 -6.02692 0.987765
 -5.65575 0.991993
 -5.26882 0.923398
 -4.8853 0.769077
 -4.53053 0.56183
 -4.21618 0.29058
 -3.95512 0.0180635
 -3.75115 -0.302554
 -3.61174 -0.639119
 -3.53393 -0.961166
