 19.2382
 19.3237
 19.5086
 19.7629
 20.0395
 20.3166
 20.5763
 20.8016
 20.9791
 21.0958
 21.1413
 21.1063
 20.9845
 20.7726
 20.4689
 20.0748
 19.5951
 19.0362
 18.407
 17.7181
 16.9821
 16.2121
 15.4215
 14.6236
 13.8311
 13.0554
 12.3062
 11.5915
 10.9168
 10.2862
 9.70184
 9.16391
 8.67134
 8.22177
 7.81201
 7.43827
 7.09663
 6.78323
 6.49439
 6.2268
 5.97749
 5.74396
 5.52407
 5.31607
 5.11853
 4.93037
 4.75074
 4.57897
 4.41452
 4.25697
 4.10594
 3.96113
 3.82224
 3.68902
 3.56125
 3.43873
 3.32126
 3.20868
 3.10081
 2.99749
 2.89858
 2.80393
 2.7134
 2.62688
 2.54426
 2.46541
 2.39024
 2.31865
 2.25053
 2.18579
 2.12434
 2.0661
 2.01098
 1.95889
 1.90977
 1.86353
 1.82009
 1.77942
 1.74141
 1.70603
 1.67321
 1.6429
 1.61512
 1.58982
 1.56692
 1.54653
 1.52857
 1.5134
 1.50119
 1.49182
