 -1.70836e-15 -5.28319e-15
 -1.52322 -3.00107
 -3.11863 -5.88172
 -4.79531 -8.61826
 -6.56812 -11.1679
 -8.44838 -13.4833
 -10.4393 -15.52
 -12.5356 -17.2353
 -14.7227 -18.5907
 -16.972 -19.5505
 -19.2418 -20.0859
 -21.4794 -20.1794
 -23.6228 -19.8266
 -25.6046 -19.0397
 -27.3554 -17.8482
 -28.8094 -16.2999
 -29.9091 -14.4599
 -30.6104 -12.4083
 -30.8872 -10.2365
 -30.7349 -8.0417
 -30.1721 -5.92088
 -29.2404 -3.96385
 -28.002 -2.24663
 -26.5353 -0.825692
 -24.9287 0.266191
 -23.2729 1.02189
 -21.6534 1.4593
 -20.1433 1.61816
 -18.7974 1.55464
 -17.6488 1.33428
 -16.7079 1.02436
 -15.9647 0.68658
 -15.3925 0.371127
 -14.9542 0.112858
 -14.6083 -0.0700219
 -14.3156 -0.174794
 -14.0434 -0.211042
 -13.7689 -0.196201
 -13.48 -0.150765
 -13.174 -0.0940284
 -12.8551 -0.0410189
 -12.5317 -0.000971904
 -12.2131 0.0226934
 -11.9069 0.0312253
 -11.6181 0.028741
 -11.3484 0.0203372
 -11.097 0.0105633
 -10.8613 0.00251609
 -10.6382 -0.00240426
 -10.425 -0.00421729
 -10.2196 -0.00380389
 -10.021 -0.00231315
 -9.82875 -0.000715201
 -9.64297 0.000419511
 -9.46374 0.000929687
 -9.29108 0.000937719
 -9.12481 0.000682426
 -8.96462 0.000383053
 -8.81012 0.000169291
 -8.66091 7.50075e-05
 -8.51666 7.0898e-05
 -8.37709 0.000106608
 -8.24198 0.000141513
 -8.11114 0.000156812
 -7.98438 0.000152512
 -7.86153 0.000137726
 -7.74242 0.000121762
 -7.62686 0.000109659
 -7.5147 0.00010204
 -7.4058 9.71814e-05
 -7.3 9.3144e-05
 -7.19718 8.88732e-05
 -7.09722 8.42385e-05
 -7 7.95621e-05
 -6.9054 7.51659e-05
 -6.81333 7.11772e-05
 -6.72368 6.75576e-05
 -6.63636 6.42132e-05
 -6.55128 6.10739e-05
 -6.46835 5.81121e-05
 -6.3875 5.53243e-05
 -6.30864 5.2709e-05
 -6.23171 5.02572e-05
 -6.15663 4.79549e-05
 -6.08333 4.5788e-05
 -6.01176 4.37449e-05
 -5.94186 4.18172e-05
 -5.87356 3.99979e-05
 -5.80682 3.82803e-05
 -5.74157 3.66583e-05
 -5.67778 3.51257e-05
 -5.61538 3.36766e-05
 -5.55435 3.23055e-05
 -5.49462 3.10072e-05
 -5.43617 2.97768e-05
 -5.37895 2.86098e-05
 -5.32292 2.75022e-05
 -5.26804 2.64503e-05
 -5.21429 2.54508e-05
 -5.16162 2.45005e-05
 -5.11 2.35967e-05
 -5.05941 2.27366e-05
 -5.0098 2.19175e-05
 -4.96117 2.11372e-05
 -4.91346 2.03931e-05
 -4.86667 1.96834e-05
 -4.82075 1.9006e-05
 -4.7757 1.83592e-05
 -4.73148 1.77413e-05
 -4.68807 1.71506e-05
 -4.64545 1.65859e-05
 -4.6036 1.60457e-05
 -4.5625 1.55286e-05
 -4.52212 1.50335e-05
 -4.48246 1.45592e-05
 -4.44348 1.41046e-05
 -4.40517 1.36687e-05
 -4.36752 1.32506e-05
 -4.33051 1.28494e-05
 -4.29412 1.24643e-05
 -4.25833 1.20944e-05
 -4.22314 1.1739e-05
 -4.18853 1.13974e-05
 -4.15447 1.1069e-05
 -4.12097 1.07531e-05
 -4.088 1.04492e-05
 -4.05556 1.01566e-05
 -4.02362 9.87489e-06
 -3.99219 9.60354e-06
 -3.96124 9.34208e-06
 -3.93077 9.09007e-06
 -3.90076 8.84708e-06
 -3.87121 8.61271e-06
 -3.84211 8.38659e-06
 -3.81343 8.16835e-06
 -3.78519 7.95766e-06
 -3.75735 7.7542e-06
 -3.72993 7.55765e-06
 -3.7029 7.36773e-06
 -3.67626 7.18415e-06
 -3.65 7.00667e-06
 -3.62412 6.83501e-06
 -3.59859 6.66896e-06
 -3.57343 6.50828e-06
 -3.54861 6.35276e-06
 -3.52414 6.20219e-06
 -3.5 6.05638e-06
 -3.47619 5.91514e-06
 -3.45271 5.77828e-06
 -3.42953 5.64565e-06
 -3.40667 5.51708e-06
 -3.38411 5.39241e-06
 -3.36185 5.2715e-06
 -3.33987 5.15422e-06
 -3.31819 5.04041e-06
 -3.29678 4.92996e-06
 -3.27564 4.82274e-06
 -3.25478 4.71863e-06
 -3.23418 4.61752e-06
 -3.21384 4.51931e-06
 -3.19375 4.42388e-06
 -3.17392 4.33114e-06
 -3.15433 4.24101e-06
 -3.13497 4.15337e-06
 -3.11586 4.06816e-06
 -3.09697 3.98528e-06
 -3.07832 3.90466e-06
 -3.05989 3.82622e-06
 -3.04167 3.74989e-06
 -3.02367 3.67559e-06
 -3.00589 3.60326e-06
 -2.98831 3.53283e-06
 -2.97094 3.46424e-06
 -2.95376 3.39743e-06
 -2.93679 3.33235e-06
 -2.92001 3.26893e-06
 -2.90342 3.20713e-06
 -2.88701 3.14689e-06
 -2.8708 3.08816e-06
 -2.85476 3.0309e-06
 -2.8389 2.97505e-06
 -2.82321 2.92059e-06
 -2.8077 2.86746e-06
 -2.79236 2.81562e-06
 -2.77719 2.76503e-06
 -2.76217 2.71566e-06
 -2.74732 2.66747e-06
 -2.73263 2.62043e-06
 -2.7181 2.57449e-06
 -2.70372 2.52963e-06
 -2.68949 2.48582e-06
 -2.67541 2.44302e-06
 -2.66147 2.4012e-06
 -2.64768 2.36035e-06
 -2.63404 2.32042e-06
 -2.62053 2.2814e-06
 -2.60716 2.24325e-06
 -2.59393 2.20596e-06
 -2.58083 2.1695e-06
 -2.56786 2.13384e-06
 -2.55502 2.09897e-06
 -2.54231 2.06486e-06
 -2.52972 2.03148e-06
 -2.51726 1.99883e-06
 -2.50493 1.96689e-06
 -2.49271 1.93562e-06
 -2.48061 1.90502e-06
 -2.46862 1.87506e-06
 -2.45676 1.84574e-06
 -2.445 1.81702e-06
 -2.43336 1.7889e-06
 -2.42183 1.76137e-06
 -2.41041 1.7344e-06
 -2.39909 1.70798e-06
 -2.38788 1.68209e-06
 -2.37678 1.65673e-06
 -2.36578 1.63188e-06
 -2.35487 1.60753e-06
 -2.34407 1.58366e-06
 -2.33337 1.56027e-06
 -2.32277 1.53733e-06
 -2.31226 1.51484e-06
 -2.30184 1.4928e-06
 -2.29152 1.47117e-06
 -2.28129 1.44997e-06
 -2.27116 1.42917e-06
 -2.26111 1.40877e-06
 -2.25115 1.38876e-06
 -2.24128 1.36912e-06
 -2.23149 1.34985e-06
 -2.22179 1.33094e-06
 -2.21218 1.31239e-06
 -2.20264 1.29417e-06
 -2.19319 1.27629e-06
 -2.18382 1.25874e-06
 -2.17453 1.24151e-06
 -2.16532 1.22459e-06
 -2.15618 1.20798e-06
 -2.14713 1.19166e-06
 -2.13815 1.17564e-06
 -2.12924 1.15989e-06
 -2.12041 1.14443e-06
 -2.11165 1.12924e-06
 -2.10296 1.11432e-06
 -2.09434 1.09965e-06
 -2.0858 1.08524e-06
 -2.07732 1.07108e-06
 -2.06892 1.05716e-06
 -2.06058 1.04348e-06
 -2.0523 1.03003e-06
 -2.0441 1.0168e-06
 -2.03596 1.0038e-06
 -2.02788 9.91023e-07
 -2.01987 9.78453e-07
 -2.01192 9.66092e-07
 -2.00403 9.53935e-07
 -1.99621 9.41977e-07
 -1.98844 9.30215e-07
 -1.98074 9.18643e-07
 -1.9731 9.07259e-07
 -1.96551 8.96059e-07
 -1.95799 8.85038e-07
 -1.95052 8.74192e-07
 -1.9431 8.63519e-07
 -1.93575 8.53014e-07
 -1.92845 8.42675e-07
 -1.9212 8.32497e-07
 -1.91401 8.22478e-07
 -1.90687 8.12614e-07
 -1.89979 8.02902e-07
 -1.89276 7.93339e-07
 -1.88578 7.83923e-07
 -1.87885 7.74649e-07
 -1.87198 7.65516e-07
 -1.86515 7.56521e-07
 -1.85837 7.4766e-07
 -1.85164 7.38932e-07
 -1.84497 7.30334e-07
 -1.83833 7.21862e-07
 -1.83175 7.13516e-07
 -1.82522 7.05291e-07
 -1.81873 6.97187e-07
 -1.81228 6.892e-07
 -1.80589 6.81328e-07
 -1.79953 6.7357e-07
 -1.79323 6.65923e-07
 -1.78696 6.58385e-07
 -1.78074 6.50953e-07
 -1.77457 6.43627e-07
 -1.76844 6.36403e-07
 -1.76235 6.29281e-07
 -1.7563 6.22258e-07
 -1.75029 6.15332e-07
 -1.74432 6.08502e-07
 -1.7384 6.01765e-07
 -1.73252 5.95121e-07
 -1.72667 5.88567e-07
 -1.72087 5.82102e-07
 -1.7151 5.75724e-07
 -1.70937 5.69432e-07
 -1.70369 5.63224e-07
 -1.69803 5.57099e-07
 -1.69242 5.51054e-07
 -1.68685 5.4509e-07
 -1.68131 5.39203e-07
 -1.67581 5.33394e-07
 -1.67034 5.2766e-07
 -1.66491 5.22001e-07
 -1.65951 5.16414e-07
 -1.65416 5.10899e-07
 -1.64883 5.05455e-07
 -1.64354 5.00079e-07
 -1.63829 4.94772e-07
 -1.63306 4.89532e-07
 -1.62787 4.84357e-07
 -1.62272 4.79248e-07
 -1.6176 4.74201e-07
 -1.61251 4.69217e-07
 -1.60745 4.64295e-07
 -1.60243 4.59432e-07
 -1.59743 4.5463e-07
 -1.59247 4.49885e-07
 -1.58754 4.45198e-07
 -1.58264 4.40567e-07
 -1.57777 4.35992e-07
 -1.57293 4.31471e-07
 -1.56812 4.27004e-07
 -1.56334 4.2259e-07
 -1.55859 4.18228e-07
 -1.55387 4.13916e-07
 -1.54918 4.09655e-07
 -1.54451 4.05443e-07
 -1.53988 4.0128e-07
 -1.53527 3.97165e-07
 -1.5307 3.93096e-07
 -1.52614 3.89074e-07
 -1.52162 3.85098e-07
 -1.51713 3.81166e-07
 -1.51266 3.77278e-07
 -1.50821 3.73433e-07
 -1.5038 3.69631e-07
 -1.49941 3.65871e-07
 -1.49505 3.62152e-07
 -1.49071 3.58473e-07
 -1.4864 3.54835e-07
 -1.48211 3.51236e-07
 -1.47785 3.47675e-07
 -1.47362 3.44152e-07
 -1.4694 3.40667e-07
 -1.46522 3.37219e-07
 -1.46106 3.33806e-07
 -1.45692 3.3043e-07
 -1.4528 3.27088e-07
 -1.44871 3.23781e-07
 -1.44465 3.20507e-07
 -1.44061 3.17267e-07
 -1.43659 3.1406e-07
 -1.43259 3.10885e-07
 -1.42862 3.07741e-07
 -1.42467 3.04629e-07
 -1.42074 3.01548e-07
 -1.41683 2.98496e-07
 -1.41295 2.95475e-07
 -1.40909 2.92482e-07
 -1.40525 2.89518e-07
 -1.40143 2.86583e-07
 -1.39763 2.83675e-07
 -1.39386 2.80794e-07
 -1.3901 2.7794e-07
 -1.38637 2.75113e-07
 -1.38266 2.72311e-07
 -1.37896 2.69535e-07
 -1.37529 2.66784e-07
 -1.37164 2.64058e-07
 -1.36801 2.61355e-07
 -1.3644 2.58677e-07
 -1.36081 2.56022e-07
 -1.35724 2.53389e-07
 -1.35369 2.50779e-07
 -1.35016 2.48191e-07
 -1.34665 2.45625e-07
 -1.34315 2.4308e-07
 -1.33968 2.40556e-07
 -1.33623 2.38053e-07
 -1.33279 2.3557e-07
 -1.32937 2.33106e-07
 -1.32597 2.30662e-07
 -1.32259 2.28237e-07
 -1.31923 2.2583e-07
 -1.31589 2.23442e-07
 -1.31256 2.21071e-07
 -1.30925 2.18718e-07
 -1.30596 2.16383e-07
 -1.30269 2.14064e-07
 -1.29944 2.11761e-07
 -1.2962 2.09475e-07
 -1.29298 2.07205e-07
 -1.28978 2.0495e-07
 -1.28659 2.0271e-07
 -1.28342 2.00485e-07
 -1.28027 1.98274e-07
 -1.27714 1.96078e-07
 -1.27402 1.93895e-07
 -1.27092 1.91726e-07
 -1.26783 1.8957e-07
 -1.26477 1.87427e-07
 -1.26171 1.85296e-07
 -1.25868 1.83177e-07
 -1.25566 1.81071e-07
 -1.25265 1.78976e-07
 -1.24966 1.76892e-07
 -1.24669 1.74819e-07
 -1.24373 1.72757e-07
 -1.24079 1.70705e-07
 -1.23787 1.68663e-07
 -1.23496 1.66631e-07
 -1.23206 1.64609e-07
 -1.22918 1.62595e-07
 -1.22632 1.6059e-07
 -1.22347 1.58594e-07
 -1.22063 1.56606e-07
 -1.21781 1.54627e-07
 -1.21501 1.52654e-07
 -1.21222 1.50689e-07
 -1.20944 1.48732e-07
 -1.20668 1.46781e-07
 -1.20394 1.44836e-07
 -1.2012 1.42898e-07
 -1.19849 1.40965e-07
 -1.19578 1.39038e-07
 -1.19309 1.37117e-07
 -1.19042 1.35201e-07
 -1.18776 1.33289e-07
 -1.18511 1.31382e-07
 -1.18248 1.29479e-07
 -1.17986 1.27579e-07
 -1.17725 1.25684e-07
 -1.17466 1.23792e-07
 -1.17208 1.21903e-07
 -1.16952 1.20016e-07
 -1.16696 1.18132e-07
 -1.16443 1.1625e-07
 -1.1619 1.1437e-07
 -1.15939 1.12492e-07
 -1.15689 1.10615e-07
 -1.15441 1.08739e-07
 -1.15194 1.06864e-07
 -1.14948 1.04989e-07
 -1.14703 1.03114e-07
 -1.1446 1.01239e-07
 -1.14218 9.93635e-08
 -1.13978 9.74873e-08
 -1.13738 9.561e-08
 -1.135 9.37314e-08
 -1.13263 9.18511e-08
 -1.13028 8.99689e-08
 -1.12793 8.80843e-08
 -1.1256 8.61972e-08
 -1.12329 8.43072e-08
 -1.12098 8.2414e-08
 -1.11869 8.05173e-08
 -1.11641 7.86168e-08
 -1.11414 7.67121e-08
 -1.11188 7.48029e-08
 -1.10964 7.2889e-08
 -1.10741 7.097e-08
 -1.10519 6.90455e-08
 -1.10298 6.71152e-08
 -1.10079 6.51789e-08
 -1.09861 6.32361e-08
 -1.09644 6.12865e-08
 -1.09428 5.93298e-08
 -1.09213 5.73656e-08
 -1.09 5.53936e-08
 -1.08788 5.34135e-08
 -1.08577 5.14248e-08
 -1.08367 4.94273e-08
 -1.08158 4.74205e-08
 -1.07951 4.54039e-08
 -1.07744 4.33768e-08
 -1.07539 4.13398e-08
 -1.07335 3.93016e-08
 -1.07133 3.72746e-08
 -1.06931 3.51779e-08
 -1.06731 3.26018e-08
 -1.06531 2.93575e-08
 -1.06333 2.99769e-08
 -1.06137 5.00689e-08
 -1.05941 8.15182e-08
 -1.05746 -8.11327e-08
 -1.05553 -9.58058e-07
 -1.05361 -1.88516e-06
 -1.0517 4.39174e-06
 -1.0498 3.20416e-05
 -1.04782 5.13864e-05
 -1.04577 -0.000157341
 -1.0442 -0.000967232
 -1.04499 -0.00152332
 -1.04921 0.00417636
 -1.0451 0.0289205
 -0.985393 0.0702241
 -0.793307 0.0327028
 -0.50656 -0.380988
 -0.664635 -1.60395
 -2.76525 -3.55196
 -9.02725 -4.14533
 -20.3352 2.28611
 -32.1646 24.6994
 -30.7806 71.1713
 6.21918 142.023
 102.703 226.015
 273.557 307.16
