 157.078
 157.251
 155.041
 149.59
 139.985
 126.336
 109.761
 92.0221
 75.1189
 60.5677
 49.0313
 40.2986
 33.7116
 28.5828
 24.4217
 20.9546
 18.0437
 15.6052
 13.569
 11.8691
 10.446
 9.24946
 8.23814
 7.37896
 6.64533
 6.01568
 5.47246
 5.00129
 4.59039
 4.23008
 3.91244
 3.63097
 3.38031
 3.15602
 2.95444
 2.77251
 2.60769
 2.45783
 2.32114
 2.1961
 2.08142
 1.976
 1.87894
 1.78943
 1.70684
 1.63061
 1.5603
 1.49555
 1.43609
 1.38172
 1.33233
 1.28783
 1.24824
 1.21358
 1.18395
 1.15949
 1.14042
 1.12681
 1.11842
 1.11446
