 -3.24072e-14 -2.70956e-14
 -12.2424 -10.7927
 -17.4914 -15.0678
 -19.3008 -16.2112
 -20.4698 -16.7364
 -21.4054 -16.984
 -22.1906 -17.0213
 -22.8802 -16.8961
 -23.5101 -16.6411
 -24.0763 -16.26
 -24.5993 -15.7759
 -25.0436 -15.1776
 -25.4351 -14.4923
 -25.757 -13.7228
 -25.9943 -12.8776
 -26.1359 -11.9675
 -26.1941 -11.0122
 -26.156 -10.0223
 -26.0179 -9.0141
 -25.7782 -8.00375
 -25.4391 -7.0067
 -25.0107 -6.03831
 -24.4969 -5.11202
 -23.9067 -4.241
 -23.251 -3.43641
 -22.5412 -2.70678
 -21.7921 -2.05752
 -21.0179 -1.4912
 -20.2314 -1.00836
 -19.4455 -0.607305
 -18.6719 -0.284046
 -17.9206 -0.0327456
 -17.1998 0.15411
 -16.5163 0.285277
 -15.8742 0.369562
 -15.2758 0.415583
 -14.7219 0.431586
 -14.2116 0.425134
 -13.7432 0.402904
 -13.3136 0.370699
 -12.9197 0.333284
 -12.5577 0.29415
 -12.2239 0.255821
 -11.9147 0.219989
 -11.6271 0.187655
 -11.3579 0.159305
 -11.1046 0.135113
 -10.8652 0.114872
 -10.6377 0.0981779
 -10.4207 0.0845447
 -10.2132 0.0734679
 -10.0142 0.0644818
 -9.82287 0.057208
 -9.6387 0.0512737
 -9.46121 0.0463657
 -9.29 0.0422349
 -9.12473 0.0387001
 -8.96511 0.035639
 -8.81085 0.0329401
 -8.66171 0.0305206
 -8.51746 0.0283332
 -8.37788 0.0263393
 -8.24274 0.0245108
 -8.11186 0.0228264
 -7.98505 0.0212687
 -7.86212 0.0198245
 -7.74292 0.018484
 -7.62727 0.0172391
 -7.51502 0.0160821
 -7.40603 0.0150068
 -7.30016 0.0140075
 -7.19728 0.0130787
 -7.09726 0.0122155
 -6.99999 0.011413
 -6.90536 0.010667
 -6.81325 0.00997332
 -6.72358 0.00932852
 -6.63624 0.00872913
 -6.55114 0.00817193
 -6.4682 0.00765398
 -6.38734 0.00717257
 -6.30848 0.00672524
 -6.23154 0.00630963
 -6.15647 0.0059235
 -6.08318 0.00556473
 -6.01162 0.00523143
 -5.94172 0.00492173
 -5.87343 0.00463394
 -5.8067 0.00436646
 -5.74146 0.00411772
 -5.67767 0.00388629
 -5.61529 0.0036708
 -5.55426 0.00347002
 -5.49455 0.00328278
 -5.4361 0.00310799
 -5.37889 0.00294468
 -5.32286 0.00279194
 -5.26799 0.00264893
 -5.21424 0.00251489
 -5.16158 0.00238915
 -5.10996 0.00227105
 -5.05937 0.00216002
 -5.00978 0.00205554
 -4.96114 0.00195714
 -4.91344 0.00186438
 -4.86665 0.00177688
 -4.82074 0.00169429
 -4.77568 0.00161626
 -4.73147 0.00154252
 -4.68806 0.00147278
 -4.64544 0.0014068
 -4.60359 0.00134434
 -4.56249 0.00128517
 -4.52211 0.00122911
 -4.48245 0.00117595
 -4.44347 0.00112553
 -4.40516 0.00107768
 -4.36751 0.00103225
 -4.3305 0.000989102
 -4.29411 0.000948102
 -4.25833 0.000909125
 -4.22314 0.000872056
 -4.18852 0.000836788
 -4.15447 0.000803221
 -4.12096 0.000771258
 -4.088 0.000740812
 -4.05555 0.000711797
 -4.02362 0.000684137
 -3.99219 0.000657756
 -3.96124 0.000632588
 -3.93077 0.000608567
 -3.90076 0.000585634
 -3.87121 0.00056373
 -3.8421 0.000542802
 -3.81343 0.000522802
 -3.78518 0.00050368
 -3.75735 0.000485393
 -3.72993 0.000467896
 -3.7029 0.000451152
 -3.67626 0.000435123
 -3.65 0.000419773
 -3.62411 0.000405068
 -3.59859 0.000390978
 -3.57343 0.000377472
 -3.54861 0.000364522
 -3.52414 0.000352102
 -3.5 0.000340187
 -3.47619 0.000328753
 -3.4527 0.000317778
 -3.42953 0.00030724
 -3.40667 0.000297119
 -3.38411 0.000287395
 -3.36184 0.000278051
 -3.33987 0.00026907
 -3.31818 0.000260434
 -3.29678 0.000252129
 -3.27564 0.00024414
 -3.25478 0.000236453
 -3.23418 0.000229055
 -3.21384 0.000221933
 -3.19375 0.000215075
 -3.17392 0.000208469
 -3.15433 0.000202106
 -3.13497 0.000195975
 -3.11586 0.000190066
 -3.09697 0.000184369
 -3.07832 0.000178876
 -3.05989 0.000173579
 -3.04167 0.000168469
 -3.02367 0.000163538
 -3.00589 0.00015878
 -2.98831 0.000154187
 -2.97094 0.000149752
 -2.95376 0.00014547
 -2.93679 0.000141334
 -2.92001 0.000137338
 -2.90342 0.000133478
 -2.88701 0.000129747
 -2.8708 0.00012614
 -2.85476 0.000122653
 -2.8389 0.000119281
 -2.82321 0.00011602
 -2.8077 0.000112865
 -2.79236 0.000109813
 -2.77719 0.000106859
 -2.76217 0.000104
 -2.74732 0.000101232
 -2.73263 9.85528e-05
 -2.7181 9.59579e-05
 -2.70372 9.34447e-05
 -2.68949 9.10102e-05
 -2.67541 8.86513e-05
 -2.66147 8.63654e-05
 -2.64768 8.415e-05
 -2.63404 8.20024e-05
 -2.62053 7.99203e-05
 -2.60716 7.79013e-05
 -2.59393 7.59431e-05
 -2.58083 7.40438e-05
 -2.56786 7.22011e-05
 -2.55502 7.04132e-05
 -2.54231 6.86782e-05
 -2.52972 6.69942e-05
 -2.51726 6.53595e-05
 -2.50493 6.37725e-05
 -2.49271 6.22315e-05
 -2.48061 6.07349e-05
 -2.46862 5.92814e-05
 -2.45676 5.78693e-05
 -2.445 5.64974e-05
 -2.43336 5.51644e-05
 -2.42183 5.38688e-05
 -2.41041 5.26096e-05
 -2.39909 5.13856e-05
 -2.38788 5.01955e-05
 -2.37678 4.90384e-05
 -2.36578 4.79131e-05
 -2.35487 4.68186e-05
 -2.34407 4.5754e-05
 -2.33337 4.47182e-05
 -2.32277 4.37105e-05
 -2.31226 4.27299e-05
 -2.30184 4.17755e-05
 -2.29152 4.08465e-05
 -2.28129 3.99422e-05
 -2.27116 3.90618e-05
 -2.26111 3.82046e-05
 -2.25115 3.73698e-05
 -2.24128 3.65567e-05
 -2.23149 3.57648e-05
 -2.22179 3.49933e-05
 -2.21218 3.42417e-05
 -2.20264 3.35094e-05
 -2.19319 3.27957e-05
 -2.18382 3.21002e-05
 -2.17453 3.14222e-05
 -2.16532 3.07614e-05
 -2.15618 3.01171e-05
 -2.14713 2.94889e-05
 -2.13815 2.88763e-05
 -2.12924 2.82789e-05
 -2.12041 2.76962e-05
 -2.11165 2.71279e-05
 -2.10296 2.65734e-05
 -2.09434 2.60325e-05
 -2.0858 2.55047e-05
 -2.07732 2.49896e-05
 -2.06892 2.44869e-05
 -2.06058 2.39963e-05
 -2.0523 2.35174e-05
 -2.0441 2.30499e-05
 -2.03596 2.25935e-05
 -2.02788 2.21478e-05
 -2.01987 2.17126e-05
 -2.01192 2.12875e-05
 -2.00403 2.08724e-05
 -1.99621 2.04669e-05
 -1.98844 2.00708e-05
 -1.98074 1.96838e-05
 -1.9731 1.93057e-05
 -1.96551 1.89362e-05
 -1.95799 1.85751e-05
 -1.95052 1.82223e-05
 -1.9431 1.78774e-05
 -1.93575 1.75402e-05
 -1.92845 1.72106e-05
 -1.9212 1.68884e-05
 -1.91401 1.65733e-05
 -1.90687 1.62652e-05
 -1.89979 1.5964e-05
 -1.89276 1.56693e-05
 -1.88578 1.53811e-05
 -1.87885 1.50992e-05
 -1.87198 1.48234e-05
 -1.86515 1.45536e-05
 -1.85837 1.42896e-05
 -1.85164 1.40313e-05
 -1.84497 1.37785e-05
 -1.83833 1.35311e-05
 -1.83175 1.3289e-05
 -1.82522 1.3052e-05
 -1.81873 1.282e-05
 -1.81228 1.25929e-05
 -1.80589 1.23706e-05
 -1.79953 1.21529e-05
 -1.79323 1.19397e-05
 -1.78696 1.17309e-05
 -1.78074 1.15265e-05
 -1.77457 1.13262e-05
 -1.76844 1.11301e-05
 -1.76235 1.0938e-05
 -1.7563 1.07498e-05
 -1.75029 1.05654e-05
 -1.74432 1.03847e-05
 -1.7384 1.02076e-05
 -1.73252 1.00342e-05
 -1.72667 9.86416e-06
 -1.72087 9.69753e-06
 -1.7151 9.53421e-06
 -1.70937 9.37412e-06
 -1.70369 9.21719e-06
 -1.69803 9.06334e-06
 -1.69242 8.91249e-06
 -1.68685 8.76459e-06
 -1.68131 8.61957e-06
 -1.67581 8.47735e-06
 -1.67034 8.33787e-06
 -1.66491 8.20108e-06
 -1.65951 8.06691e-06
 -1.65416 7.93529e-06
 -1.64883 7.80618e-06
 -1.64354 7.67952e-06
 -1.63829 7.55525e-06
 -1.63306 7.43332e-06
 -1.62787 7.31367e-06
 -1.62272 7.19626e-06
 -1.6176 7.08103e-06
 -1.61251 6.96794e-06
 -1.60745 6.85694e-06
 -1.60243 6.74799e-06
 -1.59743 6.64103e-06
 -1.59247 6.53603e-06
 -1.58754 6.43295e-06
 -1.58264 6.33173e-06
 -1.57777 6.23235e-06
 -1.57293 6.13475e-06
 -1.56812 6.03891e-06
 -1.56334 5.94479e-06
 -1.55859 5.85234e-06
 -1.55387 5.76154e-06
 -1.54918 5.67234e-06
 -1.54451 5.58472e-06
 -1.53988 5.49864e-06
 -1.53527 5.41406e-06
 -1.5307 5.33097e-06
 -1.52614 5.24931e-06
 -1.52162 5.16907e-06
 -1.51713 5.09022e-06
 -1.51266 5.01272e-06
 -1.50821 4.93655e-06
 -1.5038 4.86167e-06
 -1.49941 4.78807e-06
 -1.49505 4.71572e-06
 -1.49071 4.64459e-06
 -1.4864 4.57465e-06
 -1.48211 4.50589e-06
 -1.47785 4.43827e-06
 -1.47362 4.37178e-06
 -1.4694 4.30639e-06
 -1.46522 4.24207e-06
 -1.46106 4.17882e-06
 -1.45692 4.1166e-06
 -1.4528 4.05539e-06
 -1.44871 3.99518e-06
 -1.44465 3.93594e-06
 -1.44061 3.87765e-06
 -1.43659 3.82031e-06
 -1.43259 3.76387e-06
 -1.42862 3.70834e-06
 -1.42467 3.65369e-06
 -1.42074 3.5999e-06
 -1.41683 3.54695e-06
 -1.41295 3.49484e-06
 -1.40909 3.44354e-06
 -1.40525 3.39303e-06
 -1.40143 3.34331e-06
 -1.39763 3.29435e-06
 -1.39386 3.24614e-06
 -1.3901 3.19867e-06
 -1.38637 3.15192e-06
 -1.38266 3.10588e-06
 -1.37896 3.06053e-06
 -1.37529 3.01586e-06
 -1.37164 2.97186e-06
 -1.36801 2.92851e-06
 -1.3644 2.88581e-06
 -1.36081 2.84373e-06
 -1.35724 2.80227e-06
 -1.35369 2.76141e-06
 -1.35016 2.72115e-06
 -1.34665 2.68147e-06
 -1.34315 2.64236e-06
 -1.33968 2.6038e-06
 -1.33623 2.5658e-06
 -1.33279 2.52834e-06
 -1.32937 2.4914e-06
 -1.32597 2.45498e-06
 -1.32259 2.41906e-06
 -1.31923 2.38365e-06
 -1.31589 2.34872e-06
 -1.31256 2.31427e-06
 -1.30925 2.28028e-06
 -1.30596 2.24676e-06
 -1.30269 2.21369e-06
 -1.29944 2.18106e-06
 -1.2962 2.14887e-06
 -1.29298 2.1171e-06
 -1.28978 2.08575e-06
 -1.28659 2.05481e-06
 -1.28342 2.02427e-06
 -1.28027 1.99412e-06
 -1.27714 1.96436e-06
 -1.27402 1.93497e-06
 -1.27092 1.90596e-06
 -1.26783 1.87731e-06
 -1.26477 1.84901e-06
 -1.26171 1.82107e-06
 -1.25868 1.79346e-06
 -1.25566 1.76619e-06
 -1.25265 1.73925e-06
 -1.24966 1.71263e-06
 -1.24669 1.68633e-06
 -1.24373 1.66034e-06
 -1.24079 1.63465e-06
 -1.23787 1.60925e-06
 -1.23496 1.58415e-06
 -1.23206 1.55933e-06
 -1.22918 1.53479e-06
 -1.22632 1.51052e-06
 -1.22347 1.48652e-06
 -1.22063 1.46278e-06
 -1.21781 1.4393e-06
 -1.21501 1.41606e-06
 -1.21222 1.39307e-06
 -1.20944 1.37033e-06
 -1.20668 1.34781e-06
 -1.20394 1.32553e-06
 -1.2012 1.30347e-06
 -1.19849 1.28163e-06
 -1.19578 1.26e-06
 -1.19309 1.23858e-06
 -1.19042 1.21737e-06
 -1.18776 1.19636e-06
 -1.18511 1.17554e-06
 -1.18248 1.15492e-06
 -1.17986 1.13448e-06
 -1.17725 1.11422e-06
 -1.17466 1.09413e-06
 -1.17208 1.07423e-06
 -1.16952 1.05448e-06
 -1.16696 1.03491e-06
 -1.16443 1.01549e-06
 -1.1619 9.96226e-07
 -1.15939 9.77114e-07
 -1.15689 9.58147e-07
 -1.15441 9.39323e-07
 -1.15194 9.20636e-07
 -1.14948 9.02082e-07
 -1.14703 8.83661e-07
 -1.1446 8.65372e-07
 -1.14218 8.47214e-07
 -1.13978 8.29258e-07
 -1.13738 8.11698e-07
 -1.135 7.9441e-07
 -1.13263 7.77957e-07
 -1.13028 7.61627e-07
 -1.12793 7.4553e-07
 -1.1256 7.30724e-07
 -1.12329 7.16963e-07
 -1.12098 7.03754e-07
 -1.11869 6.90646e-07
 -1.11641 6.77886e-07
 -1.11414 6.68465e-07
 -1.11188 6.59529e-07
 -1.10964 6.50695e-07
 -1.10741 6.4201e-07
 -1.10519 6.35464e-07
 -1.10298 6.30219e-07
 -1.10079 6.29215e-07
 -1.09861 6.28243e-07
 -1.09644 6.28337e-07
 -1.09428 6.30439e-07
 -1.09213 6.35029e-07
 -1.09 6.39617e-07
 -1.08788 6.50869e-07
 -1.08577 6.6447e-07
 -1.08367 6.78092e-07
 -1.08158 6.95004e-07
 -1.07951 7.17067e-07
 -1.07744 7.41721e-07
 -1.07539 7.68059e-07
 -1.07335 8.05173e-07
 -1.07133 8.43444e-07
 -1.06931 8.89434e-07
 -1.06731 9.45929e-07
 -1.06531 1.0047e-06
 -1.06333 1.06405e-06
 -1.06137 1.13805e-06
 -1.05941 1.22536e-06
 -1.05746 1.33116e-06
 -1.05553 1.44724e-06
 -1.05361 1.56659e-06
 -1.0517 1.69086e-06
 -1.0498 1.86088e-06
 -1.04791 2.05383e-06
 -1.04603 2.28286e-06
 -1.04417 2.51934e-06
 -1.04232 2.76889e-06
 -1.04047 3.10413e-06
 -1.03864 3.51147e-06
 -1.03683 3.9133e-06
 -1.03502 4.39845e-06
 -1.03323 5.07101e-06
 -1.03144 5.96733e-06
 -1.02967 7.62365e-06
 -1.02791 1.08556e-05
 -1.02617 1.72338e-05
 -1.02443 2.85598e-05
 -1.0227 4.55085e-05
 -1.02098 6.5718e-05
 -1.01926 8.4517e-05
 -1.01754 9.46584e-05
