 33.0759
 35.4493
 37.4722
 38.6115
 37.6331
 34.2059
 29.0337
 23.2634
 18.0716
 14.0833
 11.3115
 9.38958
 8.0284
 6.96711
 6.11856
 5.3963
 4.78989
 4.25884
 3.8068
 3.40818
 3.06076
 2.75206
 2.48641
 2.24674
 2.03528
 1.84652
 1.67872
 1.52972
 1.39773
 1.28099
 1.17795
 1.08696
 1.00627
 0.934395
 0.870168
 0.812596
 0.760796
 0.714029
 0.671667
 0.633187
 0.598137
 0.566135
 0.536853
 0.510012
 0.485371
 0.462722
 0.441889
 0.422719
 0.405084
 0.388879
 0.374014
 0.360417
 0.348037
 0.33684
 0.326818
 0.317986
 0.310393
 0.304124
 0.29933
 0.296264
