 0.0467736
 0.188123
 0.586217
 1.24597
 2.16667
 3.34746
 4.78507
 6.47331
 8.40218
 10.5566
 12.9151
 15.448
 18.1164
 20.871
 23.651
 26.3842
 28.9867
 31.3649
 33.4176
 35.04
 36.129
 36.5895
 36.3431
 35.3364
 33.5502
 31.0079
 27.7823
 23.999
 19.8357
 15.5162
 11.2971
 7.44915
 4.23206
 1.86575
 0.500891
 0.192969
 0.883754
 2.39631
 4.44666
 6.67329
 8.68431
 10.1165
 10.6974
 10.3008
 8.97984
 6.96915
 4.64995
 2.47831
 0.888486
 0.191196
 0.489654
 1.642
 3.28441
 4.91706
 6.03894
 6.29446
 5.5891
 4.1334
 2.38715
 0.915799
 0.196489
 0.440106
 1.50155
 2.91934
 4.08671
 4.49625
 3.95835
 2.69885
 1.27219
 0.317051
 0.254895
 1.07288
 2.31583
 3.30426
 3.48898
 2.75667
 1.50876
 0.451382
 0.188297
 0.853341
