 76.0421
 87.7174
 138.386
 215.615
 313.605
 421.639
 522.969
 596.474
 621.144
 583.656
 486.826
 354.19
 225.024
 137.794
 108.878
 121.586
 138.224
 130.189
 100.486
 74.6743
 68.8009
 72.5723
 68.3807
 56.6629
 49.7779
 49.1485
 46.3718
 40.876
 37.9633
 36.4766
 33.5519
 31.0768
 29.5903
 27.6543
 25.9307
 24.6113
 23.1601
 21.9284
 20.8046
 19.711
 18.7536
 17.8302
 16.9909
 16.203
 15.4699
 14.7866
 14.1461
 13.5478
 12.9857
 12.4586
 11.9627
 11.4959
 11.056
 10.6409
 10.2488
 9.87796
 9.52696
 9.19436
 8.8789
 8.57944
 8.2949
 8.02436
 7.76705
 7.52263
 7.29194
 7.0787
 6.89245
 6.75088
 6.67349
 6.6568
