 -7.46799e-15 -4.52111e-15
 -15.5455 -9.83124
 -18.4594 -11.5578
 -19.7926 -12.2551
 -20.6634 -12.6215
 -21.3051 -12.8001
 -21.8058 -12.8446
 -22.2275 -12.7925
 -22.5868 -12.655
 -22.8924 -12.4396
 -23.1554 -12.1554
 -23.3708 -11.8045
 -23.5476 -11.3961
 -23.6818 -10.9337
 -23.7695 -10.4222
 -23.8064 -9.8668
 -23.796 -9.27569
 -23.7339 -8.65471
 -23.6187 -8.01131
 -23.4483 -7.35286
 -23.2249 -6.68738
 -22.9484 -6.0222
 -22.6204 -5.36502
 -22.2431 -4.72328
 -21.8198 -4.10383
 -21.3553 -3.51289
 -20.8544 -2.95588
 -20.3223 -2.43758
 -19.7652 -1.96178
 -19.1891 -1.5312
 -18.6008 -1.14736
 -18.0066 -0.810833
 -17.4127 -0.521243
 -16.8247 -0.27728
 -16.2481 -0.0767393
 -15.6874 0.0833644
 -15.1467 0.206507
 -14.6291 0.296556
 -14.1369 0.35765
 -13.6718 0.394087
 -13.2346 0.410103
 -12.8255 0.409737
 -12.4439 0.396773
 -12.0888 0.374659
 -11.759 0.346405
 -11.4527 0.314578
 -11.1679 0.281293
 -10.9028 0.24821
 -10.6553 0.216564
 -10.4235 0.187213
 -10.2056 0.160688
 -9.99989 0.137249
 -9.80485 0.116938
 -9.61919 0.0996408
 -9.44181 0.0851274
 -9.27175 0.0731008
 -9.10824 0.0632311
 -8.95066 0.0551836
 -8.79849 0.0486389
 -8.65133 0.0433075
 -8.50886 0.0389368
 -8.37082 0.0353141
 -8.23697 0.0322666
 -8.10715 0.0296579
 -7.98119 0.0273836
 -7.85895 0.0253662
 -7.74027 0.0235497
 -7.62505 0.0218946
 -7.51313 0.0203738
 -7.40442 0.0189689
 -7.29877 0.0176672
 -7.19607 0.0164597
 -7.09621 0.0153397
 -6.99908 0.0143018
 -6.90457 0.0133408
 -6.81257 0.0124521
 -6.723 0.0116309
 -6.63574 0.0108728
 -6.55072 0.010173
 -6.46785 0.00952712
 -6.38705 0.00893082
 -6.30824 0.00837998
 -6.23135 0.00787073
 -6.15631 0.00739948
 -6.08305 0.00696293
 -6.01152 0.00655805
 -5.94164 0.00618207
 -5.87337 0.00583248
 -5.80665 0.00550703
 -5.74142 0.00520367
 -5.67764 0.00492055
 -5.61527 0.00465603
 -5.55424 0.00440862
 -5.49453 0.00417696
 -5.43609 0.00395985
 -5.37887 0.00375618
 -5.32285 0.00356496
 -5.26798 0.00338529
 -5.21423 0.00321635
 -5.16157 0.00305738
 -5.10995 0.00290771
 -5.05936 0.0027667
 -5.00977 0.00263379
 -4.96113 0.00250843
 -4.91343 0.00239013
 -4.86664 0.00227844
 -4.82073 0.00217295
 -4.77568 0.00207324
 -4.73146 0.00197896
 -4.68805 0.00188978
 -4.64544 0.00180536
 -4.60359 0.00172542
 -4.56248 0.00164969
 -4.52211 0.00157791
 -4.48244 0.00150984
 -4.44347 0.00144527
 -4.40516 0.00138398
 -4.36751 0.00132578
 -4.3305 0.00127049
 -4.29411 0.00121795
 -4.25833 0.00116799
 -4.22313 0.00112048
 -4.18852 0.00107526
 -4.15447 0.00103222
 -4.12096 0.000991227
 -4.08799 0.000952174
 -4.05555 0.000914953
 -4.02362 0.000879465
 -3.99218 0.000845616
 -3.96124 0.00081332
 -3.93077 0.000782492
 -3.90076 0.000753056
 -3.87121 0.000724939
 -3.8421 0.000698072
 -3.81343 0.000672392
 -3.78518 0.000647837
 -3.75735 0.00062435
 -3.72993 0.000601878
 -3.7029 0.00058037
 -3.67626 0.000559778
 -3.65 0.000540057
 -3.62411 0.000521164
 -3.59859 0.000503059
 -3.57343 0.000485704
 -3.54861 0.000469062
 -3.52414 0.0004531
 -3.5 0.000437786
 -3.47619 0.000423089
 -3.4527 0.00040898
 -3.42953 0.000395433
 -3.40667 0.00038242
 -3.38411 0.000369918
 -3.36184 0.000357903
 -3.33987 0.000346354
 -3.31818 0.000335249
 -3.29678 0.000324569
 -3.27564 0.000314294
 -3.25478 0.000304408
 -3.23418 0.000294892
 -3.21384 0.000285732
 -3.19375 0.000276911
 -3.17392 0.000268414
 -3.15433 0.000260229
 -3.13497 0.000252341
 -3.11586 0.000244739
 -3.09697 0.00023741
 -3.07832 0.000230343
 -3.05989 0.000223527
 -3.04167 0.000216952
 -3.02367 0.000210607
 -3.00589 0.000204484
 -2.98831 0.000198573
 -2.97094 0.000192866
 -2.95376 0.000187355
 -2.93679 0.000182032
 -2.92001 0.00017689
 -2.90342 0.00017192
 -2.88701 0.000167118
 -2.8708 0.000162475
 -2.85476 0.000157987
 -2.8389 0.000153646
 -2.82321 0.000149448
 -2.8077 0.000145387
 -2.79236 0.000141457
 -2.77719 0.000137655
 -2.76217 0.000133974
 -2.74732 0.000130411
 -2.73263 0.000126961
 -2.7181 0.00012362
 -2.70372 0.000120384
 -2.68949 0.000117249
 -2.67541 0.000114212
 -2.66147 0.000111268
 -2.64768 0.000108415
 -2.63404 0.000105649
 -2.62053 0.000102968
 -2.60716 0.000100368
 -2.59393 9.78463e-05
 -2.58083 9.54002e-05
 -2.56786 9.30272e-05
 -2.55502 9.07246e-05
 -2.54231 8.84901e-05
 -2.52972 8.63213e-05
 -2.51726 8.4216e-05
 -2.50493 8.2172e-05
 -2.49271 8.01872e-05
 -2.48061 7.82597e-05
 -2.46862 7.63875e-05
 -2.45676 7.45687e-05
 -2.445 7.28017e-05
 -2.43336 7.10846e-05
 -2.42183 6.94159e-05
 -2.41041 6.7794e-05
 -2.39909 6.62174e-05
 -2.38788 6.46845e-05
 -2.37678 6.31941e-05
 -2.36578 6.17446e-05
 -2.35487 6.03348e-05
 -2.34407 5.89634e-05
 -2.33337 5.76293e-05
 -2.32277 5.63312e-05
 -2.31226 5.5068e-05
 -2.30184 5.38386e-05
 -2.29152 5.2642e-05
 -2.28129 5.14771e-05
 -2.27116 5.0343e-05
 -2.26111 4.92387e-05
 -2.25115 4.81633e-05
 -2.24128 4.7116e-05
 -2.23149 4.60958e-05
 -2.22179 4.5102e-05
 -2.21218 4.41338e-05
 -2.20264 4.31903e-05
 -2.19319 4.2271e-05
 -2.18382 4.13749e-05
 -2.17453 4.05016e-05
 -2.16532 3.96502e-05
 -2.15618 3.88202e-05
 -2.14713 3.80109e-05
 -2.13815 3.72217e-05
 -2.12924 3.64521e-05
 -2.12041 3.57014e-05
 -2.11165 3.49692e-05
 -2.10296 3.42548e-05
 -2.09434 3.35579e-05
 -2.0858 3.28779e-05
 -2.07732 3.22143e-05
 -2.06892 3.15666e-05
 -2.06058 3.09345e-05
 -2.0523 3.03175e-05
 -2.0441 2.97151e-05
 -2.03596 2.9127e-05
 -2.02788 2.85527e-05
 -2.01987 2.79919e-05
 -2.01192 2.74443e-05
 -2.00403 2.69094e-05
 -1.99621 2.63869e-05
 -1.98844 2.58765e-05
 -1.98074 2.53778e-05
 -1.9731 2.48906e-05
 -1.96551 2.44145e-05
 -1.95799 2.39493e-05
 -1.95052 2.34945e-05
 -1.9431 2.30501e-05
 -1.93575 2.26156e-05
 -1.92845 2.21909e-05
 -1.9212 2.17756e-05
 -1.91401 2.13696e-05
 -1.90687 2.09726e-05
 -1.89979 2.05843e-05
 -1.89276 2.02046e-05
 -1.88578 1.98332e-05
 -1.87885 1.94698e-05
 -1.87198 1.91144e-05
 -1.86515 1.87667e-05
 -1.85837 1.84265e-05
 -1.85164 1.80936e-05
 -1.84497 1.77678e-05
 -1.83833 1.74489e-05
 -1.83175 1.71369e-05
 -1.82522 1.68314e-05
 -1.81873 1.65324e-05
 -1.81228 1.62397e-05
 -1.80589 1.59531e-05
 -1.79953 1.56725e-05
 -1.79323 1.53977e-05
 -1.78696 1.51286e-05
 -1.78074 1.48651e-05
 -1.77457 1.46069e-05
 -1.76844 1.43541e-05
 -1.76235 1.41064e-05
 -1.7563 1.38638e-05
 -1.75029 1.36261e-05
 -1.74432 1.33932e-05
 -1.7384 1.3165e-05
 -1.73252 1.29413e-05
 -1.72667 1.27221e-05
 -1.72087 1.25073e-05
 -1.7151 1.22967e-05
 -1.70937 1.20904e-05
 -1.70369 1.1888e-05
 -1.69803 1.16897e-05
 -1.69242 1.14952e-05
 -1.68685 1.13045e-05
 -1.68131 1.11175e-05
 -1.67581 1.09341e-05
 -1.67034 1.07543e-05
 -1.66491 1.05779e-05
 -1.65951 1.04049e-05
 -1.65416 1.02352e-05
 -1.64883 1.00687e-05
 -1.64354 9.90541e-06
 -1.63829 9.74517e-06
 -1.63306 9.58795e-06
 -1.62787 9.43367e-06
 -1.62272 9.28227e-06
 -1.6176 9.13369e-06
 -1.61251 8.98787e-06
 -1.60745 8.84474e-06
 -1.60243 8.70425e-06
 -1.59743 8.56633e-06
 -1.59247 8.43094e-06
 -1.58754 8.29801e-06
 -1.58264 8.1675e-06
 -1.57777 8.03935e-06
 -1.57293 7.91351e-06
 -1.56812 7.78994e-06
 -1.56334 7.66857e-06
 -1.55859 7.54937e-06
 -1.55387 7.43229e-06
 -1.54918 7.31728e-06
 -1.54451 7.2043e-06
 -1.53988 7.09331e-06
 -1.53527 6.98426e-06
 -1.5307 6.87712e-06
 -1.52614 6.77184e-06
 -1.52162 6.66838e-06
 -1.51713 6.56671e-06
 -1.51266 6.4668e-06
 -1.50821 6.36859e-06
 -1.5038 6.27206e-06
 -1.49941 6.17718e-06
 -1.49505 6.0839e-06
 -1.49071 5.9922e-06
 -1.4864 5.90205e-06
 -1.48211 5.8134e-06
 -1.47785 5.72624e-06
 -1.47362 5.64052e-06
 -1.4694 5.55623e-06
 -1.46522 5.47333e-06
 -1.46106 5.3918e-06
 -1.45692 5.3116e-06
 -1.4528 5.23271e-06
 -1.44871 5.1551e-06
 -1.44465 5.07875e-06
 -1.44061 5.00363e-06
 -1.43659 4.92972e-06
 -1.43259 4.857e-06
 -1.42862 4.78543e-06
 -1.42467 4.715e-06
 -1.42074 4.64568e-06
 -1.41683 4.57746e-06
 -1.41295 4.51031e-06
 -1.40909 4.4442e-06
 -1.40525 4.37913e-06
 -1.40143 4.31506e-06
 -1.39763 4.25198e-06
 -1.39386 4.18987e-06
 -1.3901 4.12871e-06
 -1.38637 4.06848e-06
 -1.38266 4.00916e-06
 -1.37896 3.95074e-06
 -1.37529 3.8932e-06
 -1.37164 3.83651e-06
 -1.36801 3.78067e-06
 -1.3644 3.72566e-06
 -1.36081 3.67146e-06
 -1.35724 3.61805e-06
 -1.35369 3.56543e-06
 -1.35016 3.51357e-06
 -1.34665 3.46246e-06
 -1.34315 3.41208e-06
 -1.33968 3.36243e-06
 -1.33623 3.31348e-06
 -1.33279 3.26523e-06
 -1.32937 3.21765e-06
 -1.32597 3.17075e-06
 -1.32259 3.1245e-06
 -1.31923 3.07889e-06
 -1.31589 3.03391e-06
 -1.31256 2.98954e-06
 -1.30925 2.94578e-06
 -1.30596 2.90262e-06
 -1.30269 2.86003e-06
 -1.29944 2.81802e-06
 -1.2962 2.77656e-06
 -1.29298 2.73566e-06
 -1.28978 2.69529e-06
 -1.28659 2.65545e-06
 -1.28342 2.61612e-06
 -1.28027 2.5773e-06
 -1.27714 2.53898e-06
 -1.27402 2.50115e-06
 -1.27092 2.4638e-06
 -1.26783 2.42691e-06
 -1.26477 2.39048e-06
 -1.26171 2.3545e-06
 -1.25868 2.31897e-06
 -1.25566 2.28386e-06
 -1.25265 2.24918e-06
 -1.24966 2.21492e-06
 -1.24669 2.18106e-06
 -1.24373 2.1476e-06
 -1.24079 2.11453e-06
 -1.23787 2.08184e-06
 -1.23496 2.04953e-06
 -1.23206 2.01759e-06
 -1.22918 1.986e-06
 -1.22632 1.95477e-06
 -1.22347 1.92389e-06
 -1.22063 1.89334e-06
 -1.21781 1.86312e-06
 -1.21501 1.83323e-06
 -1.21222 1.80365e-06
 -1.20944 1.77438e-06
 -1.20668 1.74542e-06
 -1.20394 1.71675e-06
 -1.2012 1.68837e-06
 -1.19849 1.66028e-06
 -1.19578 1.63247e-06
 -1.19309 1.60493e-06
 -1.19042 1.57765e-06
 -1.18776 1.55063e-06
 -1.18511 1.52387e-06
 -1.18248 1.49735e-06
 -1.17986 1.47107e-06
 -1.17725 1.44503e-06
 -1.17466 1.41922e-06
 -1.17208 1.39364e-06
 -1.16952 1.36827e-06
 -1.16696 1.34312e-06
 -1.16443 1.31818e-06
 -1.1619 1.29344e-06
 -1.15939 1.26889e-06
 -1.15689 1.24454e-06
 -1.15441 1.22038e-06
 -1.15194 1.19639e-06
 -1.14948 1.17259e-06
 -1.14703 1.14895e-06
 -1.1446 1.12549e-06
 -1.14218 1.10218e-06
 -1.13978 1.07903e-06
 -1.13738 1.05604e-06
 -1.135 1.03319e-06
 -1.13263 1.01048e-06
 -1.13028 9.8791e-07
 -1.12793 9.65473e-07
 -1.1256 9.43165e-07
 -1.12329 9.20979e-07
 -1.12098 8.98911e-07
 -1.11869 8.76957e-07
 -1.11641 8.55111e-07
 -1.11414 8.33369e-07
 -1.11188 8.11727e-07
 -1.10964 7.9018e-07
 -1.10741 7.68727e-07
 -1.10519 7.47513e-07
 -1.10298 7.26696e-07
 -1.10079 7.06841e-07
 -1.09861 6.88001e-07
 -1.09644 6.6986e-07
 -1.09428 6.53881e-07
 -1.09213 6.38968e-07
 -1.09 6.2534e-07
 -1.08788 6.14049e-07
 -1.08577 6.05564e-07
 -1.08367 5.99322e-07
 -1.08158 5.95359e-07
 -1.07951 5.92472e-07
 -1.07744 5.97067e-07
 -1.07539 6.04335e-07
 -1.07335 6.1508e-07
 -1.07133 6.27772e-07
 -1.06931 6.4793e-07
 -1.06731 6.76455e-07
 -1.06531 7.11125e-07
 -1.06333 7.52369e-07
 -1.06137 7.98376e-07
 -1.05941 8.51674e-07
 -1.05746 9.26496e-07
 -1.05553 1.01743e-06
 -1.05361 1.11529e-06
 -1.0517 1.22639e-06
 -1.0498 1.36862e-06
 -1.04791 1.54881e-06
 -1.04603 1.75239e-06
 -1.04417 1.98612e-06
 -1.04231 2.2448e-06
 -1.04047 2.59167e-06
 -1.03864 2.99532e-06
 -1.03683 3.42928e-06
 -1.03502 4.0061e-06
 -1.03322 4.8108e-06
 -1.03144 5.86112e-06
 -1.02967 7.48421e-06
 -1.02791 9.83722e-06
 -1.02616 1.32542e-05
 -1.02442 1.82098e-05
 -1.0227 2.57019e-05
 -1.02098 3.8231e-05
 -1.01928 6.40045e-05
 -1.01759 0.000119513
