 1.37818e-09 8.11942e-10
 -8.34807 -5.04414
 -11.8728 -7.12886
 -13.5145 -8.04452
 -14.3452 -8.44396
 -15.0579 -8.74156
 -15.5647 -8.88519
 -16.0005 -8.95366
 -16.3685 -8.94949
 -16.6841 -8.88295
 -16.9439 -8.75526
 -17.1435 -8.56796
 -17.302 -8.33314
 -17.4399 -8.0622
 -17.5497 -7.75434
 -17.6263 -7.41156
 -17.6681 -7.03805
 -17.673 -6.63822
 -17.6402 -6.21706
 -17.5687 -5.77978
 -17.4583 -5.33171
 -17.309 -4.87833
 -17.1216 -4.42498
 -16.8975 -3.9769
 -16.639 -3.53889
 -16.3492 -3.11506
 -16.0315 -2.70899
 -15.6892 -2.32398
 -15.3257 -1.96295
 -14.9446 -1.62836
 -14.5498 -1.32213
 -14.1453 -1.04556
 -13.7351 -0.799305
 -13.3233 -0.583414
 -12.9136 -0.397321
 -12.5094 -0.239927
 -12.1139 -0.109676
 -11.7299 -0.00462333
 -11.3595 0.0774852
 -11.0045 0.139109
 -10.6662 0.182837
 -10.3454 0.211296
 -10.0425 0.22707
 -9.75736 0.232616
 -9.48966 0.230191
 -9.23874 0.221815
 -9.00375 0.209242
 -8.78368 0.193966
 -8.57745 0.177217
 -8.38391 0.159977
 -8.20191 0.142997
 -8.03033 0.126826
 -7.86811 0.111833
 -7.71426 0.098232
 -7.56791 0.0861241
 -7.42824 0.0755121
 -7.29456 0.0663302
 -7.16627 0.0584682
 -7.04288 0.0517867
 -6.92394 0.0461337
 -6.80911 0.0413589
 -6.69809 0.0373199
 -6.59064 0.0338879
 -6.48656 0.0309502
 -6.38565 0.0284131
 -6.28778 0.0261988
 -6.1928 0.0242448
 -6.10059 0.0225019
 -6.01104 0.0209317
 -5.92403 0.0195051
 -5.83948 0.0181997
 -5.75729 0.0169987
 -5.67736 0.0158891
 -5.59961 0.0148608
 -5.52395 0.0139062
 -5.4503 0.0130187
 -5.37859 0.0121928
 -5.30874 0.0114239
 -5.24068 0.0107078
 -5.17434 0.0100411
 -5.10967 0.0094203
 -5.04659 0.00884241
 -4.98506 0.00830438
 -4.92501 0.00780341
 -4.86639 0.00733695
 -4.80914 0.00690257
 -4.75324 0.00649798
 -4.69861 0.00612109
 -4.64523 0.00576991
 -4.59305 0.00544265
 -4.54203 0.00513757
 -4.49213 0.00485302
 -4.44332 0.00458753
 -4.39555 0.00433965
 -4.3488 0.00410806
 -4.30303 0.00389156
 -4.25822 0.00368901
 -4.21433 0.00349935
 -4.17134 0.00332162
 -4.12921 0.00315492
 -4.08792 0.00299847
 -4.04746 0.0028515
 -4.00778 0.00271332
 -3.96888 0.00258327
 -3.93072 0.00246078
 -3.89329 0.00234532
 -3.85656 0.00223638
 -3.82052 0.00213355
 -3.78515 0.0020364
 -3.75043 0.00194455
 -3.71634 0.00185766
 -3.68286 0.00177541
 -3.64998 0.0016975
 -3.61768 0.00162366
 -3.58595 0.00155364
 -3.55476 0.00148721
 -3.52412 0.00142416
 -3.494 0.00136429
 -3.46439 0.00130741
 -3.43528 0.00125334
 -3.40665 0.00120193
 -3.3785 0.00115303
 -3.35081 0.00110649
 -3.32357 0.00106219
 -3.29677 0.00102
 -3.27039 0.000979796
 -3.24444 0.000941481
 -3.21889 0.000904949
 -3.19374 0.000870105
 -3.16899 0.000836857
 -3.14461 0.000805121
 -3.12061 0.000774818
 -3.09697 0.000745872
 -3.07368 0.000718215
 -3.05074 0.000691786
 -3.02815 0.000666516
 -3.00588 0.000642346
 -2.98394 0.000619219
 -2.96232 0.000597086
 -2.94101 0.000575896
 -2.92 0.000555602
 -2.89929 0.00053616
 -2.87887 0.000517529
 -2.85874 0.000499669
 -2.83889 0.000482543
 -2.81931 0.000466117
 -2.8 0.000450356
 -2.78095 0.000435231
 -2.76216 0.000420711
 -2.74362 0.000406769
 -2.72533 0.000393377
 -2.70729 0.000380513
 -2.68947 0.000368152
 -2.6719 0.00035627
 -2.65455 0.000344845
 -2.63742 0.000333858
 -2.62051 0.000323288
 -2.60382 0.000313117
 -2.58734 0.000303327
 -2.57107 0.000293903
 -2.555 0.00028483
 -2.53913 0.000276091
 -2.52346 0.000267672
 -2.50798 0.000259559
 -2.49269 0.00025174
 -2.47758 0.000244201
 -2.46265 0.000236932
 -2.44791 0.000229921
 -2.43334 0.000223157
 -2.41894 0.000216631
 -2.40471 0.000210333
 -2.39065 0.000204252
 -2.37675 0.000198382
 -2.36301 0.000192713
 -2.34943 0.000187238
 -2.33601 0.000181948
 -2.32273 0.000176836
 -2.30961 0.000171896
 -2.29664 0.000167121
 -2.28381 0.000162504
 -2.27112 0.00015804
 -2.25857 0.000153721
 -2.24616 0.000149544
 -2.23389 0.000145502
 -2.22175 0.00014159
 -2.20974 0.000137804
 -2.19786 0.000134139
 -2.18611 0.000130591
 -2.17448 0.000127155
 -2.16297 0.000123826
 -2.15159 0.000120602
 -2.14033 0.000117478
 -2.12918 0.00011445
 -2.11815 0.000111516
 -2.10723 0.000108671
 -2.09642 0.000105913
 -2.08573 0.000103239
 -2.07514 0.000100646
 -2.06466 9.81302e-05
 -2.05429 9.56899e-05
 -2.04402 9.33221e-05
 -2.03385 9.10243e-05
 -2.02378 8.87941e-05
 -2.01381 8.66291e-05
 -2.00394 8.45271e-05
 -1.99417 8.24861e-05
 -1.98449 8.05039e-05
 -1.9749 7.85785e-05
 -1.96541 7.67082e-05
 -1.956 7.4891e-05
 -1.94669 7.31253e-05
 -1.93746 7.14092e-05
 -1.92833 6.97412e-05
 -1.91927 6.81198e-05
 -1.91031 6.65434e-05
 -1.90142 6.50105e-05
 -1.89262 6.35198e-05
 -1.8839 6.20699e-05
 -1.87526 6.06595e-05
 -1.8667 5.92874e-05
 -1.85821 5.79523e-05
 -1.84981 5.66532e-05
 -1.84148 5.53888e-05
 -1.83322 5.41581e-05
 -1.82504 5.296e-05
 -1.81693 5.17936e-05
 -1.80889 5.06578e-05
 -1.80092 4.95518e-05
 -1.79302 4.84746e-05
 -1.78519 4.74254e-05
 -1.77743 4.64032e-05
 -1.76974 4.54074e-05
 -1.76211 4.44371e-05
 -1.75455 4.34916e-05
 -1.74706 4.257e-05
 -1.73962 4.16718e-05
 -1.73226 4.07962e-05
 -1.72495 3.99425e-05
 -1.7177 3.91101e-05
 -1.71052 3.82985e-05
 -1.70339 3.75069e-05
 -1.69633 3.67348e-05
 -1.68932 3.59817e-05
 -1.68237 3.5247e-05
 -1.67548 3.45302e-05
 -1.66864 3.38308e-05
 -1.66186 3.31483e-05
 -1.65513 3.24821e-05
 -1.64846 3.1832e-05
 -1.64184 3.11973e-05
 -1.63528 3.05777e-05
 -1.62877 2.99728e-05
 -1.6223 2.93822e-05
 -1.61589 2.88054e-05
 -1.60954 2.82421e-05
 -1.60323 2.76919e-05
 -1.59697 2.71545e-05
 -1.59076 2.66295e-05
 -1.58459 2.61167e-05
 -1.57848 2.56156e-05
 -1.57241 2.51259e-05
 -1.56639 2.46474e-05
 -1.56041 2.41797e-05
 -1.55448 2.37226e-05
 -1.5486 2.32758e-05
 -1.54276 2.28389e-05
 -1.53696 2.24118e-05
 -1.53121 2.19942e-05
 -1.5255 2.15859e-05
 -1.51983 2.11865e-05
 -1.51421 2.0796e-05
 -1.50862 2.04139e-05
 -1.50308 2.00402e-05
 -1.49758 1.96747e-05
 -1.49212 1.9317e-05
 -1.4867 1.89671e-05
 -1.48132 1.86247e-05
 -1.47597 1.82896e-05
 -1.47067 1.79616e-05
 -1.4654 1.76406e-05
 -1.46017 1.73265e-05
 -1.45498 1.70189e-05
 -1.44983 1.67178e-05
 -1.44471 1.6423e-05
 -1.43963 1.61344e-05
 -1.43458 1.58517e-05
 -1.42957 1.55749e-05
 -1.4246 1.53038e-05
 -1.41966 1.50383e-05
 -1.41475 1.47782e-05
 -1.40988 1.45234e-05
 -1.40504 1.42738e-05
 -1.40023 1.40293e-05
 -1.39546 1.37897e-05
 -1.39072 1.35549e-05
 -1.38601 1.33248e-05
 -1.38134 1.30994e-05
 -1.37669 1.28784e-05
 -1.37208 1.26617e-05
 -1.3675 1.24494e-05
 -1.36295 1.22412e-05
 -1.35843 1.20372e-05
 -1.35394 1.18371e-05
 -1.34948 1.16409e-05
 -1.34505 1.14485e-05
 -1.34064 1.12599e-05
 -1.33627 1.10748e-05
 -1.33193 1.08934e-05
 -1.32761 1.07154e-05
 -1.32332 1.05408e-05
 -1.31906 1.03695e-05
 -1.31483 1.02014e-05
 -1.31063 1.00366e-05
 -1.30645 9.87483e-06
 -1.3023 9.71612e-06
 -1.29818 9.56037e-06
 -1.29408 9.40752e-06
 -1.29001 9.2575e-06
 -1.28596 9.11025e-06
 -1.28194 8.96571e-06
 -1.27795 8.82382e-06
 -1.27398 8.68452e-06
 -1.27003 8.54776e-06
 -1.26611 8.41348e-06
 -1.26221 8.28162e-06
 -1.25834 8.15214e-06
 -1.2545 8.02499e-06
 -1.25067 7.90011e-06
 -1.24687 7.77745e-06
 -1.2431 7.65697e-06
 -1.23934 7.53863e-06
 -1.23561 7.42237e-06
 -1.2319 7.30815e-06
 -1.22822 7.19593e-06
 -1.22456 7.08567e-06
 -1.22092 6.97732e-06
 -1.2173 6.87085e-06
 -1.2137 6.76622e-06
 -1.21013 6.66338e-06
 -1.20657 6.56231e-06
 -1.20304 6.46297e-06
 -1.19953 6.36531e-06
 -1.19604 6.26931e-06
 -1.19257 6.17492e-06
 -1.18912 6.08212e-06
 -1.18569 5.99088e-06
 -1.18228 5.90116e-06
 -1.17889 5.81293e-06
 -1.17552 5.72616e-06
 -1.17217 5.64083e-06
 -1.16884 5.55689e-06
 -1.16553 5.47433e-06
 -1.16224 5.39312e-06
 -1.15897 5.31322e-06
 -1.15572 5.23462e-06
 -1.15248 5.15729e-06
 -1.14927 5.08119e-06
 -1.14607 5.00631e-06
 -1.14289 4.93262e-06
 -1.13973 4.8601e-06
 -1.13659 4.78873e-06
 -1.13346 4.71848e-06
 -1.13036 4.64933e-06
 -1.12727 4.58125e-06
 -1.1242 4.51424e-06
 -1.12114 4.44825e-06
 -1.1181 4.38329e-06
 -1.11508 4.31932e-06
 -1.11208 4.25633e-06
 -1.10909 4.1943e-06
 -1.10612 4.1332e-06
 -1.10317 4.07303e-06
 -1.10023 4.01376e-06
 -1.09731 3.95537e-06
 -1.09441 3.89785e-06
 -1.09152 3.84118e-06
 -1.08865 3.78535e-06
 -1.08579 3.73033e-06
 -1.08295 3.67611e-06
 -1.08013 3.62268e-06
 -1.07732 3.57002e-06
 -1.07452 3.51811e-06
 -1.07174 3.46695e-06
 -1.06898 3.41651e-06
 -1.06623 3.36679e-06
 -1.0635 3.31776e-06
 -1.06078 3.26942e-06
 -1.05807 3.22175e-06
 -1.05539 3.17474e-06
 -1.05271 3.12838e-06
 -1.05005 3.08265e-06
 -1.0474 3.03754e-06
 -1.04477 2.99304e-06
 -1.04215 2.94914e-06
 -1.03955 2.90583e-06
 -1.03696 2.86309e-06
 -1.03439 2.82091e-06
 -1.03182 2.77929e-06
 -1.02927 2.7382e-06
 -1.02674 2.69765e-06
 -1.02422 2.65762e-06
 -1.02171 2.6181e-06
 -1.01922 2.57908e-06
 -1.01674 2.54055e-06
 -1.01427 2.5025e-06
 -1.01181 2.46493e-06
 -1.00937 2.42781e-06
 -1.00694 2.39115e-06
 -1.00453 2.35493e-06
 -1.00212 2.31915e-06
 -0.999731 2.2838e-06
 -0.997353 2.24886e-06
 -0.994988 2.21433e-06
 -0.992635 2.1802e-06
 -0.990294 2.14647e-06
 -0.987966 2.11312e-06
 -0.98565 2.08014e-06
 -0.983346 2.04754e-06
 -0.981054 2.0153e-06
 -0.978775 1.98341e-06
 -0.976507 1.95187e-06
 -0.974251 1.92067e-06
 -0.972007 1.8898e-06
 -0.969775 1.85926e-06
 -0.967555 1.82903e-06
 -0.965346 1.79912e-06
 -0.963149 1.76951e-06
 -0.960963 1.7402e-06
 -0.958789 1.71118e-06
 -0.956626 1.68244e-06
 -0.954474 1.65399e-06
 -0.952334 1.6258e-06
 -0.950205 1.59788e-06
 -0.948088 1.57022e-06
 -0.945981 1.54282e-06
 -0.943885 1.51566e-06
 -0.941801 1.48874e-06
 -0.939727 1.46206e-06
 -0.937665 1.43561e-06
 -0.935613 1.40939e-06
 -0.933572 1.38338e-06
 -0.931541 1.35758e-06
 -0.929522 1.332e-06
 -0.927513 1.30661e-06
 -0.925515 1.28143e-06
 -0.923527 1.25643e-06
 -0.92155 1.23162e-06
 -0.919583 1.20699e-06
 -0.917627 1.18254e-06
 -0.915681 1.15825e-06
 -0.913745 1.13413e-06
 -0.91182 1.11017e-06
 -0.909905 1.08637e-06
 -0.908001 1.06272e-06
 -0.906106 1.03921e-06
 -0.904222 1.01584e-06
 -0.902347 9.92603e-07
 -0.900483 9.69503e-07
 -0.898629 9.4653e-07
 -0.896785 9.23681e-07
 -0.894951 9.00952e-07
 -0.893126 8.7834e-07
 -0.891312 8.55833e-07
 -0.889508 8.33435e-07
 -0.887713 8.11138e-07
 -0.885928 7.91326e-07
 -0.884153 7.84821e-07
 -0.882388 7.78299e-07
 -0.880632 7.71738e-07
 -0.878886 7.65133e-07
 -0.87715 7.58491e-07
 -0.875424 7.51818e-07
 -0.873707 7.45121e-07
 -0.871999 7.38361e-07
 -0.870301 7.31565e-07
 -0.868613 7.24697e-07
 -0.866935 7.1786e-07
 -0.865265 7.6934e-07
 -0.863606 8.26405e-07
 -0.861955 8.82888e-07
 -0.860315 9.3878e-07
 -0.858683 9.94093e-07
 -0.857061 1.04888e-06
 -0.855449 1.10319e-06
 -0.853846 1.15707e-06
 -0.852252 1.2106e-06
 -0.850667 1.26384e-06
 -0.849092 1.31671e-06
 -0.847526 1.3691e-06
 -0.84597 1.42091e-06
 -0.844423 1.47209e-06
 -0.842885 1.63869e-06
 -0.841356 1.99064e-06
 -0.839837 2.34014e-06
 -0.838327 2.6872e-06
 -0.836826 3.03224e-06
 -0.835334 3.37576e-06
 -0.833852 3.7184e-06
 -0.832379 4.06102e-06
 -0.830915 4.40602e-06
 -0.829461 4.7595e-06
 -0.828015 5.13233e-06
 -0.826579 6.09738e-06
 -0.825152 8.08951e-06
 -0.823735 1.01213e-05
 -0.822326 1.2277e-05
 -0.820927 1.49811e-05
 -0.819537 1.92782e-05
 -0.818155 2.42698e-05
 -0.816784 3.57175e-05
 -0.815421 5.45054e-05
 -0.814069 8.63238e-05
