 221.801
 245.69
 267.75
 272.908
 238.512
 175.234
 114.986
 76.3815
 56.1766
 44.6743
 36.6423
 30.2628
 25.128
 21.0455
 17.8257
 15.2868
 13.2668
 11.6346
 10.2943
 9.17786
 8.23701
 7.43625
 6.74877
 6.15394
 5.63562
 5.18102
 4.77996
 4.42424
 4.10717
 3.8233
 3.56811
 3.33782
 3.12928
 2.9398
 2.76713
 2.60933
 2.46473
 2.33189
 2.20956
 2.09668
 1.99228
 1.89554
 1.80573
 1.72221
 1.64441
 1.57183
 1.50402
 1.4406
 1.38123
 1.32562
 1.27354
 1.22482
 1.17938
 1.13723
 1.09848
 1.06348
 1.03295
 1.00791
 0.98995
 0.981128
