 288.154
 306.283
 343.378
 392.179
 426.274
 423.361
 377.32
 301.466
 220.268
 154.324
 110.673
 84.8637
 69.2808
 58.627
 50.4738
 43.9129
 38.5491
 34.12
 30.4194
 27.2906
 24.6185
 22.3181
 20.3244
 18.5857
 17.0608
 15.716
 14.5241
 13.4627
 12.5136
 11.6615
 10.8936
 10.1991
 9.56903
 8.99562
 8.4723
 7.9934
 7.55402
 7.14995
 6.77751
 6.43348
 6.11506
 5.81977
 5.54544
 5.29013
 5.05213
 4.82992
 4.62215
 4.4276
 4.24518
 4.07392
 3.91294
 3.76145
 3.61874
 3.48415
 3.35711
 3.23708
 3.12357
 3.01615
 2.91441
 2.81799
 2.72656
 2.63981
 2.55746
 2.47926
 2.40499
 2.33442
 2.26737
 2.20366
 2.14314
 2.08568
 2.03116
 1.97953
 1.93082
 1.88521
 1.84319
 1.80575
 1.77465
 1.7525
 1.74225
 1.74375
