 50.5767
 57.113
 335.511
 545.817
 527.32
 297.307
 160.283
 134.829
 77.7622
 69.474
 50.9877
 46.9268
 37.605
 32.0922
 28.0337
 24.3497
 21.4299
 18.9206
 16.9235
 15.1503
 13.6845
 12.4034
 11.2967
 10.3357
 9.48031
 8.73059
 8.07208
 7.49389
 6.96974
 6.4972
 6.07153
 5.68664
 5.33762
 5.02004
 4.7303
 4.46526
 4.22221
 3.99868
 3.79129
 3.58069
 3.4222
 3.24079
 3.11065
 2.97449
 2.84404
 2.72238
 2.60884
 2.50081
 2.37433
 2.30472
 2.19561
 2.13798
 2.04031
 1.99533
 1.9354
 1.87437
 1.81535
 1.74094
 1.722
 1.71
