 -0.022069 -0.0210591
 -5.60863 -5.45948
 -7.75122 -7.44581
 -9.07832 -8.54816
 -10.0723 -9.23024
 -10.894 -9.64862
 -11.6095 -9.86922
 -12.2542 -9.92904
 -12.845 -9.85071
 -13.3857 -9.64753
 -13.8728 -9.32935
 -14.2996 -8.90684
 -14.6575 -8.39133
 -14.9378 -7.79572
 -15.1327 -7.13463
 -15.2357 -6.42421
 -15.2427 -5.68178
 -15.1525 -4.92542
 -14.9664 -4.17324
 -14.6893 -3.4428
 -14.3288 -2.7503
 -13.8954 -2.10991
 -13.4019 -1.53317
 -12.8628 -1.02855
 -12.2932 -0.601117
 -11.7088 -0.25249
 -11.1243 0.0190319
 -10.5529 0.218108
 -10.006 0.351867
 -9.49261 0.429249
 -9.01892 0.460282
 -8.58852 0.455372
 -8.20246 0.424622
 -7.85962 0.377271
 -7.55713 0.321287
 -7.29089 0.263099
 -7.05611 0.2075
 -6.8477 0.157696
 -6.66078 0.115482
 -6.49088 0.0814811
 -6.33421 0.0554321
 -6.18769 0.0364823
 -6.04901 0.0234515
 -5.9165 0.0150496
 -5.78907 0.0100406
 -5.66606 0.00734806
 -5.5471 0.00610698
 -5.43204 0.00567334
 -5.32081 0.00560656
 -5.2134 0.00563462
 -5.10977 0.0056128
 -5.00987 0.00548358
 -4.91361 0.00524258
 -4.82089 0.00491265
 -4.73156 0.00452611
 -4.64547 0.00411429
 -4.56247 0.0037023
 -4.48239 0.00330763
 -4.40509 0.00294048
 -4.33041 0.00260565
 -4.25824 0.00230416
 -4.18844 0.00203472
 -4.12089 0.00179487
 -4.05548 0.0015817
 -3.99212 0.00139225
 -3.93071 0.00122379
 -3.87116 0.00107386
 -3.81339 0.000940297
 -3.75732 0.000821219
 -3.70287 0.000714974
 -3.64997 0.000620117
 -3.59857 0.000535383
 -3.54859 0.00045966
 -3.49998 0.000391967
 -3.45269 0.00033144
 -3.40665 0.000277314
 -3.36183 0.000228914
 -3.31817 0.00018564
 -3.27563 0.00014696
 -3.23417 0.000112399
 -3.19374 8.1537e-05
 -3.15432 5.3996e-05
 -3.11585 2.94398e-05
 -3.07831 7.56766e-06
 -3.04166 -1.18895e-05
 -3.00588 -2.91718e-05
 -2.97093 -4.4493e-05
 -2.93678 -5.80489e-05
 -2.90341 -7.00183e-05
 -2.87079 -8.05597e-05
 -2.83889 -8.98151e-05
 -2.80769 -9.79116e-05
 -2.77717 -0.000104964
 -2.74731 -0.000111075
 -2.71809 -0.000116338
 -2.68947 -0.000120837
 -2.66146 -0.000124648
 -2.63402 -0.000127839
 -2.60714 -0.000130472
 -2.58081 -0.000132603
 -2.555 -0.000134283
 -2.52971 -0.000135558
 -2.50491 -0.000136469
 -2.48059 -0.000137054
 -2.45673 -0.000137346
 -2.43334 -0.000137377
 -2.41038 -0.000137173
 -2.38786 -0.000136762
 -2.36575 -0.000136165
 -2.34404 -0.000135403
 -2.32273 -0.000134495
 -2.30181 -0.000133459
 -2.28126 -0.000132308
 -2.26107 -0.000131059
 -2.24124 -0.000129722
 -2.22175 -0.00012831
 -2.2026 -0.000126834
 -2.18377 -0.000125301
 -2.16526 -0.000123722
 -2.14707 -0.000122103
 -2.12918 -0.000120452
 -2.11158 -0.000118775
 -2.09428 -0.000117078
 -2.07725 -0.000115365
 -2.0605 -0.000113641
 -2.04402 -0.000111911
 -2.02779 -0.000110178
 -2.01183 -0.000108446
 -1.99611 -0.000106717
 -1.98064 -0.000104994
 -1.96541 -0.000103279
 -1.9504 -0.000101576
 -1.93563 -9.98848e-05
 -1.92108 -9.8208e-05
 -1.90674 -9.65469e-05
 -1.89262 -9.49027e-05
 -1.87871 -9.32764e-05
 -1.86499 -9.16686e-05
 -1.85148 -9.00808e-05
 -1.83816 -8.85136e-05
 -1.82504 -8.69678e-05
 -1.81209 -8.54439e-05
 -1.79934 -8.39421e-05
 -1.78675 -8.2463e-05
 -1.77435 -8.10067e-05
 -1.76211 -7.95735e-05
 -1.75005 -7.81634e-05
 -1.73815 -7.67765e-05
 -1.7264 -7.54129e-05
 -1.71482 -7.40725e-05
 -1.70339 -7.27553e-05
 -1.69211 -7.14612e-05
 -1.68098 -7.019e-05
 -1.67 -6.89417e-05
 -1.65916 -6.77159e-05
 -1.64846 -6.65126e-05
 -1.6379 -6.53314e-05
 -1.62747 -6.41722e-05
 -1.61717 -6.30347e-05
 -1.60701 -6.19186e-05
 -1.59697 -6.08237e-05
 -1.58705 -5.97497e-05
 -1.57726 -5.86962e-05
 -1.56759 -5.76629e-05
 -1.55804 -5.66497e-05
 -1.5486 -5.5656e-05
 -1.53928 -5.46817e-05
 -1.53006 -5.37265e-05
 -1.52096 -5.27898e-05
 -1.51197 -5.18716e-05
 -1.50308 -5.09714e-05
 -1.4943 -5.00889e-05
 -1.48562 -4.92239e-05
 -1.47704 -4.83759e-05
 -1.46856 -4.75447e-05
 -1.46017 -4.67299e-05
 -1.45188 -4.59313e-05
 -1.44369 -4.51486e-05
 -1.43559 -4.43813e-05
 -1.42758 -4.36293e-05
 -1.41966 -4.28923e-05
 -1.41182 -4.21698e-05
 -1.40407 -4.14618e-05
 -1.39641 -4.07678e-05
 -1.38883 -4.00875e-05
 -1.38134 -3.94208e-05
 -1.37392 -3.87673e-05
 -1.36659 -3.81268e-05
 -1.35933 -3.7499e-05
 -1.35215 -3.68836e-05
 -1.34505 -3.62805e-05
 -1.33802 -3.56892e-05
 -1.33106 -3.51097e-05
 -1.32418 -3.45416e-05
 -1.31737 -3.39848e-05
 -1.31063 -3.34389e-05
 -1.30396 -3.29038e-05
 -1.29735 -3.23793e-05
 -1.29082 -3.1865e-05
 -1.28435 -3.13609e-05
 -1.27795 -3.08667e-05
 -1.27161 -3.03822e-05
 -1.26533 -2.99072e-05
 -1.25912 -2.94415e-05
 -1.25296 -2.89849e-05
 -1.24687 -2.85373e-05
 -1.24084 -2.80984e-05
 -1.23487 -2.7668e-05
 -1.22895 -2.72461e-05
 -1.2231 -2.68323e-05
 -1.2173 -2.64266e-05
 -1.21155 -2.60288e-05
 -1.20586 -2.56388e-05
 -1.20023 -2.52563e-05
 -1.19465 -2.48812e-05
 -1.18912 -2.45134e-05
 -1.18364 -2.41527e-05
 -1.17822 -2.3799e-05
 -1.17284 -2.34521e-05
 -1.16752 -2.31119e-05
 -1.16224 -2.27783e-05
 -1.15702 -2.24511e-05
 -1.15184 -2.21303e-05
 -1.14671 -2.18156e-05
 -1.14163 -2.15071e-05
 -1.13659 -2.12044e-05
 -1.1316 -2.09076e-05
 -1.12665 -2.06165e-05
 -1.12175 -2.03311e-05
 -1.11689 -2.00511e-05
 -1.11208 -1.97765e-05
 -1.10731 -1.95073e-05
 -1.10258 -1.92432e-05
 -1.0979 -1.89842e-05
 -1.09325 -1.87303e-05
 -1.08865 -1.84812e-05
 -1.08409 -1.8237e-05
 -1.07956 -1.79975e-05
 -1.07508 -1.77627e-05
 -1.07064 -1.75324e-05
 -1.06623 -1.73066e-05
 -1.06186 -1.70852e-05
 -1.05754 -1.68681e-05
 -1.05324 -1.66553e-05
 -1.04899 -1.64466e-05
 -1.04477 -1.62421e-05
 -1.04059 -1.60416e-05
 -1.03644 -1.5845e-05
 -1.03233 -1.56524e-05
 -1.02826 -1.54636e-05
 -1.02422 -1.52785e-05
 -1.02021 -1.50972e-05
 -1.01624 -1.49195e-05
 -1.0123 -1.47454e-05
 -1.0084 -1.45748e-05
 -1.00453 -1.44077e-05
 -1.00069 -1.42441e-05
 -0.996879 -1.40838e-05
 -0.993105 -1.39268e-05
 -0.989362 -1.37731e-05
 -0.98565 -1.36227e-05
 -0.98197 -1.34754e-05
 -0.97832 -1.33313e-05
 -0.974701 -1.31902e-05
 -0.971113 -1.30522e-05
 -0.967555 -1.29172e-05
 -0.964026 -1.27852e-05
 -0.960527 -1.26561e-05
 -0.957058 -1.253e-05
 -0.953617 -1.24066e-05
 -0.950205 -1.22862e-05
 -0.946822 -1.21685e-05
 -0.943468 -1.20535e-05
 -0.940141 -1.19413e-05
 -0.936842 -1.18318e-05
 -0.933572 -1.1725e-05
 -0.930328 -1.16209e-05
 -0.927112 -1.15193e-05
 -0.923924 -1.14204e-05
 -0.920762 -1.1324e-05
 -0.917627 -1.12302e-05
 -0.914518 -1.1139e-05
 -0.911436 -1.10502e-05
 -0.908381 -1.09639e-05
 -0.905351 -1.08802e-05
 -0.902347 -1.07988e-05
 -0.899369 -1.072e-05
 -0.896417 -1.06435e-05
 -0.89349 -1.05695e-05
 -0.890589 -1.04979e-05
 -0.887713 -1.04287e-05
 -0.884862 -1.03619e-05
 -0.882036 -1.02975e-05
 -0.879235 -1.02355e-05
 -0.876458 -1.01758e-05
 -0.873707 -1.01185e-05
 -0.870979 -1.00636e-05
 -0.868277 -1.0011e-05
 -0.865598 -9.96083e-06
 -0.862944 -9.91299e-06
 -0.860315 -9.86752e-06
 -0.857709 -9.82443e-06
 -0.855127 -9.78371e-06
 -0.85257 -9.74538e-06
 -0.850036 -9.70943e-06
 -0.847526 -9.67589e-06
 -0.84504 -9.64476e-06
 -0.842578 -9.61606e-06
 -0.84014 -9.58979e-06
 -0.837725 -9.56598e-06
 -0.835334 -9.54464e-06
 -0.832967 -9.52579e-06
 -0.830624 -9.50945e-06
 -0.828304 -9.49564e-06
 -0.826007 -9.48438e-06
 -0.823735 -9.47571e-06
 -0.821486 -9.46965e-06
 -0.819261 -9.46622e-06
 -0.817059 -9.46547e-06
 -0.814881 -9.46742e-06
 -0.812727 -9.47211e-06
 -0.810597 -9.47958e-06
 -0.808491 -9.48986e-06
 -0.806408 -9.50301e-06
 -0.80435 -9.51906e-06
 -0.802315 -9.53807e-06
 -0.800305 -9.56007e-06
 -0.798319 -9.58514e-06
 -0.796357 -9.61331e-06
 -0.794419 -9.64465e-06
 -0.792506 -9.67922e-06
 -0.790618 -9.71709e-06
 -0.788754 -9.75832e-06
 -0.786915 -9.80298e-06
 -0.785101 -9.85116e-06
 -0.783312 -9.90292e-06
 -0.781548 -9.95834e-06
 -0.77981 -1.00175e-05
 -0.778097 -1.00806e-05
 -0.776411 -1.01475e-05
 -0.77475 -1.02185e-05
 -0.773115 -1.02937e-05
 -0.771506 -1.03731e-05
 -0.769924 -1.04568e-05
 -0.768369 -1.05451e-05
 -0.766841 -1.06379e-05
 -0.76534 -1.07355e-05
 -0.763867 -1.08379e-05
 -0.762421 -1.09454e-05
 -0.761004 -1.10581e-05
 -0.759615 -1.1176e-05
 -0.758254 -1.12995e-05
 -0.756923 -1.14286e-05
 -0.755621 -1.15635e-05
 -0.754349 -1.17045e-05
 -0.753106 -1.18517e-05
 -0.751895 -1.20053e-05
 -0.750714 -1.21656e-05
 -0.749564 -1.23328e-05
 -0.748446 -1.2507e-05
 -0.74736 -1.26887e-05
 -0.746306 -1.28779e-05
 -0.745286 -1.30751e-05
 -0.744298 -1.32805e-05
 -0.743345 -1.34943e-05
 -0.742427 -1.3717e-05
 -0.741544 -1.39488e-05
 -0.740696 -1.419e-05
 -0.739885 -1.44412e-05
 -0.73911 -1.47026e-05
 -0.738373 -1.49747e-05
 -0.737674 -1.52578e-05
 -0.737014 -1.55525e-05
 -0.736394 -1.58592e-05
 -0.735813 -1.61784e-05
 -0.735274 -1.65107e-05
 -0.734777 -1.68565e-05
 -0.734323 -1.72165e-05
 -0.733912 -1.75913e-05
 -0.733545 -1.79815e-05
 -0.733224 -1.83878e-05
 -0.732949 -1.8811e-05
 -0.732722 -1.92518e-05
 -0.732543 -1.97109e-05
 -0.732413 -2.01894e-05
 -0.732334 -2.0688e-05
 -0.732306 -2.12077e-05
 -0.732332 -2.17495e-05
 -0.732411 -2.23145e-05
 -0.732546 -2.29038e-05
 -0.732738 -2.35186e-05
 -0.732988 -2.41603e-05
 -0.733297 -2.483e-05
 -0.733668 -2.55293e-05
 -0.734101 -2.62597e-05
 -0.734599 -2.70228e-05
 -0.735163 -2.78203e-05
 -0.735794 -2.8654e-05
 -0.736495 -2.95259e-05
 -0.737268 -3.04381e-05
 -0.738115 -3.13927e-05
 -0.739037 -3.23922e-05
 -0.740037 -3.3439e-05
 -0.741117 -3.45358e-05
 -0.742279 -3.56855e-05
 -0.743527 -3.68912e-05
 -0.744862 -3.81561e-05
 -0.746287 -3.94838e-05
 -0.747805 -4.0878e-05
 -0.749419 -4.23428e-05
 -0.751132 -4.38825e-05
 -0.752947 -4.55017e-05
 -0.754868 -4.72056e-05
 -0.756898 -4.89994e-05
 -0.75904 -5.08891e-05
 -0.761299 -5.28808e-05
 -0.763679 -5.49813e-05
 -0.766183 -5.71979e-05
 -0.768817 -5.95385e-05
 -0.771584 -6.20117e-05
 -0.77449 -6.46265e-05
 -0.777539 -6.73932e-05
 -0.780738 -7.03225e-05
 -0.784092 -7.34263e-05
 -0.787606 -7.67173e-05
 -0.791288 -8.02096e-05
 -0.795143 -8.39183e-05
 -0.799178 -8.78602e-05
 -0.803401 -9.20533e-05
 -0.80782 -9.65176e-05
 -0.812442 -0.000101275
 -0.817277 -0.000106349
 -0.822333 -0.000111765
 -0.82762 -0.000117554
 -0.833148 -0.000123746
 -0.838929 -0.000130377
 -0.844972 -0.000137485
 -0.851292 -0.000145113
 -0.8579 -0.000153308
 -0.86481 -0.000162124
 -0.872037 -0.000171618
 -0.879597 -0.000181856
 -0.887506 -0.000192911
 -0.895782 -0.000204865
 -0.904443 -0.000217807
 -0.913511 -0.000231842
 -0.923006 -0.000247084
 -0.932953 -0.000263663
 -0.943375 -0.000281726
 -0.954301 -0.00030144
 -0.965758 -0.000322995
 -0.977778 -0.000346605
 -0.990394 -0.000372521
 -1.00364 -0.000401026
 -1.01756 -0.000432452
 -1.0322 -0.000467179
 -1.04759 -0.000505645
 -1.0638 -0.000548349
 -1.08087 -0.000595856
 -1.09887 -0.000648828
 -1.11786 -0.000708067
 -1.13791 -0.000774577
 -1.1591 -0.000849621
 -1.18151 -0.000934739
 -1.20525 -0.00103168
 -1.23042 -0.00114231
 -1.25713 -0.00126852
 -1.28551 -0.00141257
 -1.31571 -0.0015777
 -1.34789 -0.00176924
 -1.38222 -0.00199586
 -1.4189 -0.00227051
 -1.45818 -0.00261166
 -1.50031 -0.00304515
 -1.54561 -0.00360575
 -1.59447 -0.00433089
 -1.64736 -0.0052355
 -1.70482 -0.00626948
 -1.76743 -0.00729406
 -1.83568 -0.00813945
 -1.91 -0.00876929
 -1.99087 -0.00947112
 -2.07921 -0.0109042
 -2.17671 -0.0138619
 -2.28598 -0.0187491
 -2.41023 -0.0249917
 -2.55237 -0.0308415
 -2.71396 -0.0341691
 -2.89492 -0.034498
 -3.09526 -0.0355503
 -3.3192 -0.0466292
 -3.58076 -0.0814999
 -3.90901 -0.154181
 -4.35317 -0.27329
 -4.99234 -0.433497
 -5.95269 -0.590467
 -7.41238 -0.593421
 -9.52655 -0.0746523
 -12.1954 1.60524
 -14.7361 5.15027
 -15.7729 10.7517
 -13.7469 17.4377
 -8.00225 23.0382
 0.340693 25.1913
 8.66789 22.8492
 14.3366 17.0366
 16.186 10.1536
 14.8786 4.45035
 12.0478 0.940352
 9.17372 -0.61739
 7.01421 -1.04624
 5.73755 -1.11063
