 712.887
 711.113
 703.825
 686.187
 657.32
 618.039
 569.413
 513.081
 451.764
 389.03
 328.806
 274.519
 228.389
 191.066
 161.817
 139.082
 121.119
 106.477
 94.173
 83.6369
 74.5537
 66.7243
 59.9857
 54.1853
 49.1799
 44.8421
 41.0632
 37.7528
 34.8369
 32.2549
 29.9573
 27.9033
 26.0591
 24.3965
 22.8919
 21.5255
 20.2806
 19.1427
 18.0997
 17.1412
 16.2581
 15.4425
 14.6876
 13.9875
 13.3369
 12.7311
 12.1662
 11.6385
 11.1447
 10.682
 10.2477
 9.83967
 9.45573
 9.09401
 8.75283
 8.43064
 8.12608
 7.83787
 7.56488
 7.30607
 7.06053
 6.82742
 6.60602
 6.39569
 6.19594
 6.00636
 5.82674
 5.65699
 5.49725
 5.34788
 5.20949
 5.083
 4.96957
 4.87069
 4.78807
 4.72366
 4.67925
 4.65539
 4.64902
 4.64995
