 895.526
 890.075
 871.166
 839.397
 796.02
 742.573
 680.634
 611.305
 536.62
 460.164
 386.648
 320.561
 264.927
 220.61
 186.493
 160.34
 139.791
 123.013
 108.86
 96.7222
 86.2746
 77.2971
 69.5937
 62.9757
 57.2686
 52.32
 48.0026
 44.2122
 40.8647
 37.8925
 35.2404
 32.8631
 30.7233
 28.7898
 27.0365
 25.4411
 23.985
 22.6521
 21.4288
 20.3031
 19.2649
 18.3051
 17.4161
 16.5909
 15.8235
 15.1086
 14.4415
 13.818
 13.2343
 12.6872
 12.1736
 11.6909
 11.2368
 10.8091
 10.4061
 10.0262
 9.66837
 9.33168
 9.01581
 8.72094
 8.44793
 8.19839
 7.97482
 7.78062
 7.62009
 7.49809
 7.41946
 7.38711
 7.39673
 7.4254
