 -0.366704 -0.870818
 -4.30899 -11.0879
 -7.46784 -16.7227
 -10.2834 -19.9793
 -12.9451 -21.7763
 -15.4744 -22.4085
 -18.0637 -22.3548
 -20.7187 -21.5828
 -23.2893 -20.08
 -25.5584 -17.8198
 -27.2922 -14.8642
 -28.2545 -11.3735
 -28.2488 -7.60785
 -27.1981 -3.93039
 -25.1727 -0.729618
 -22.4087 1.64384
 -19.2965 2.96031
 -16.3063 3.18859
 -13.8842 2.53502
 -12.3121 1.407
 -11.611 0.297186
 -11.5247 -0.386611
 -11.6207 -0.482517
 -11.4901 -0.14025
 -10.9581 0.27208
 -10.1774 0.403115
 -9.50658 0.168678
 -9.20965 -0.178228
 -9.19899 -0.274102
 -9.09862 -0.0232078
 -8.65151 0.262788
 -8.05659 0.212347
 -7.75093 -0.108052
 -7.80345 -0.237465
 -7.76427 0.0200718
 -7.32924 0.250905
 -6.86513 0.0657293
 -6.82735 -0.214663
 -6.93505 -0.0831019
 -6.64249 0.209678
 -6.18579 0.0912738
 -6.15511 -0.197374
 -6.28525 -0.0563797
 -5.97809 0.205785
 -5.6049 0.00936099
 -5.70568 -0.193833
 -5.73682 0.0685577
 -5.32978 0.160099
 -5.20149 -0.141392
 -5.38472 -0.0696537
 -5.11932 0.183101
 -4.83951 -0.0567512
 -5.03379 -0.130113
 -4.88564 0.164993
 -4.55733 -0.0189059
 -4.74974 -0.139052
 -4.62408 0.163276
 -4.31409 -0.0417427
 -4.54078 -0.107796
 -4.32727 0.174193
 -4.13161 -0.118722
 -4.36265 -0.00585559
 -3.99723 0.123405
 -4.07059 -0.173633
 -4.08665 0.147204
 -3.76911 -0.0653331
 -4.04238 -0.0316633
 -3.68196 0.113595
 -3.8206 -0.160684
 -3.71472 0.171858
 -3.57229 -0.152262
 -3.72458 0.114457
 -3.39379 -0.0677089
 -3.6666 0.0216019
 -3.28694 0.0199877
 -3.56373 -0.0535102
 -3.21713 0.079557
 -3.45015 -0.0977995
 -3.15454 0.110251
 -3.34775 -0.117182
 -3.08355 0.12018
 -3.26566 -0.118898
 -2.99898 0.11385
 -3.20462 -0.103767
 -2.90321 0.088153
 -3.15732 -0.0652313
 -2.80865 0.0344652
 -3.10371 0.00475739
 -2.74299 -0.0504298
 -3.00852 0.0986649
 -2.74365 -0.141463
 -2.84092 0.168434
 -2.81882 -0.167404
 -2.63266 0.129842
 -2.8825 -0.0555907
 -2.52073 -0.0405873
 -2.77707 0.128995
 -2.61926 -0.171763
 -2.5104 0.141302
 -2.74547 -0.0408241
 -2.40989 -0.0839796
 -2.56867 0.160741
 -2.59826 -0.133359
 -2.32101 0.0115286
 -2.55974 0.118562
 -2.47162 -0.149144
 -2.26688 0.0467053
 -2.49818 0.0984778
 -2.40007 -0.140773
 -2.20519 0.0300506
 -2.40464 0.112841
 -2.37518 -0.115658
 -2.1499 -0.0299871
 -2.27161 0.132374
 -2.36455 -0.0444707
 -2.15116 -0.108715
 -2.11026 0.0892894
 -2.28552 0.0769127
 -2.22942 -0.109403
 -2.03342 -0.05507
 -2.07892 0.115486
 -2.22695 0.0499842
 -2.14847 -0.113236
 -1.96866 -0.0625748
 -1.98593 0.100479
 -2.13154 0.0890469
 -2.13178 -0.0683201
 -1.96981 -0.11642
 -1.8735 0.00885631
 -1.95144 0.118381
 -2.06531 0.0677446
 -2.05006 -0.0654332
 -1.91834 -0.116169
 -1.81163 -0.0368364
 -1.82259 0.0759783
 -1.91284 0.109292
 -1.97854 0.0431983
 -1.95661 -0.0538694
 -1.86579 -0.102684
 -1.77128 -0.0757291
 -1.72662 -0.00237932
 -1.74255 0.066086
 -1.79316 0.093338
 -1.84121 0.073246
 -1.86035 0.0233795
 -1.8436 -0.0308158
 -1.79967 -0.0693497
 -1.74412 -0.083417
 -1.69142 -0.0744118
 -1.65073 -0.049658
 -1.62522 -0.0179707
 -1.61361 0.0133175
 -1.61225 0.0395885
 -1.61693 0.058893
 -1.62398 0.071264
 -1.63075 0.0778899
 -1.6356 0.0804242
 -1.63771 0.0805231
 -1.63681 0.0795953
 -1.6329 0.0786992
 -1.62602 0.0785227
 -1.61621 0.0793912
 -1.60337 0.081272
 -1.58731 0.0837608
 -1.56784 0.0860546
 -1.5449 0.086938
 -1.51884 0.084823
 -1.49067 0.077904
 -1.46233 0.0644887
 -1.43683 0.0435435
 -1.41811 0.015422
 -1.41035 -0.0173835
 -1.41674 -0.0497903
 -1.43778 -0.0744419
 -1.46954 -0.0832482
 -1.5029 -0.0702914
 -1.52485 -0.0355062
 -1.52259 0.0124553
 -1.48995 0.0565161
 -1.43352 0.0765816
 -1.37399 0.059703
 -1.33893 0.0106485
 -1.3472 -0.0449253
 -1.39278 -0.0715213
 -1.44144 -0.0475203
 -1.45011 0.0131074
 -1.40191 0.0628582
 -1.32898 0.0560065
 -1.29306 -0.00520191
 -1.32675 -0.0611204
 -1.38956 -0.0491215
 -1.40052 0.0212119
 -1.33356 0.064939
 -1.26413 0.0219131
 -1.28055 -0.0521161
 -1.35295 -0.0485281
 -1.36023 0.0310094
 -1.27647 0.0594019
 -1.23041 -0.0143338
 -1.29446 -0.0618836
 -1.34073 0.00652291
 -1.26636 0.0615456
 -1.20536 -0.00816407
 -1.27251 -0.0598441
 -1.3118 0.0186801
 -1.22122 0.0541157
 -1.19394 -0.0359553
 -1.28138 -0.0387294
 -1.25583 0.0534478
 -1.16604 0.00887837
 -1.22929 -0.0576876
 -1.26249 0.0308147
 -1.1594 0.0330228
 -1.19272 -0.0572138
 -1.25066 0.0188542
 -1.14707 0.0375453
 -1.17692 -0.0567619
 -1.23114 0.0254098
 -1.12351 0.0256506
 -1.18167 -0.055662
 -1.19745 0.0461298
 -1.10256 -0.00787053
 -1.19983 -0.0333072
 -1.13632 0.0554135
 -1.11833 -0.0507537
 -1.18944 0.0253726
 -1.07771 0.00783256
 -1.17221 -0.0365079
 -1.10484 0.0531603
 -1.1118 -0.0559783
 -1.14533 0.0473084
 -1.06319 -0.0314545
 -1.16005 0.0127916
 -1.04478 0.00529079
 -1.1482 -0.0207571
 -1.04625 0.0327683
 -1.12473 -0.0413577
 -1.05269 0.0470342
 -1.10196 -0.050502
 -1.05519 0.0524319
 -1.08564 -0.0533631
 -1.0504 0.0536202
 -1.07748 -0.0533092
 -1.03761 0.0522879
 -1.07749 -0.0501939
 -1.01757 0.0464484
 -1.08382 -0.0403459
 -0.993891 0.0311659
 -1.09018 -0.0184262
 -0.97625 0.0021951
 -1.08336 0.0164845
 -0.9803 -0.0352685
 -1.04828 0.0504138
 -1.01523 -0.0572926
 -0.988643 0.0516766
 -1.05798 -0.0318465
 -0.948801 0.000836393
 -1.05036 0.0323915
 -0.980983 -0.0545853
 -0.974795 0.0535219
 -1.04317 -0.0258411
 -0.934152 -0.0170542
 -1.01012 0.0509834
 -1.00348 -0.0521052
 -0.924499 0.0157574
 -1.01953 0.0335094
 -0.97411 -0.0552561
 -0.92079 0.0272321
 -1.01225 0.0274096
 -0.964289 -0.0539674
 -0.909573 0.0210941
 -0.994359 0.0365697
 -0.97261 -0.0489135
 -0.89715 -0.00294009
 -0.958843 0.0507512
 -0.989361 -0.0245905
 -0.906883 -0.0392737
 -0.905152 0.0400621
 -0.97896 0.026592
 -0.953953 -0.0465304
 -0.881406 -0.0189887
 -0.908579 0.0482166
 -0.971641 0.0185743
 -0.942147 -0.0468983
 -0.873589 -0.0254531
 -0.884547 0.0409891
 -0.948165 0.0377093
 -0.954762 -0.026343
 -0.893516 -0.0492923
 -0.854285 -0.00017697
 -0.886414 0.0483299
 -0.93963 0.0328941
 -0.943783 -0.0225388
 -0.89538 -0.0504155
 -0.84918 -0.0228645
 -0.849653 0.0268431
 -0.88952 0.0492928
 -0.927421 0.027575
 -0.930777 -0.015533
 -0.899571 -0.0448664
 -0.858438 -0.0417376
 -0.833652 -0.0124557
 -0.836207 0.0222589
 -0.8597 0.0432226
 -0.888733 0.0425179
 -0.909105 0.0239589
 -0.913751 -0.00227241
 -0.903298 -0.0258402
 -0.883233 -0.0401528
 -0.860329 -0.0432966
 -0.84006 -0.0369367
 -0.825518 -0.0244994
 -0.817503 -0.00958836
 -0.815229 0.0049658
 -0.817127 0.0174343
 -0.821485 0.0271009
 -0.826822 0.0339803
 -0.832035 0.0385061
 -0.836396 0.0412747
 -0.83948 0.0428707
 -0.841059 0.0437637
 -0.841023 0.0442559
 -0.83932 0.0444592
 -0.835938 0.0442852
 -0.830921 0.0434455
 -0.824427 0.0414657
 -0.816818 0.037728
 -0.808759 0.031566
 -0.801318 0.0224325
 -0.795982 0.0101535
 -0.794543 -0.00475301
 -0.798758 -0.0207706
 -0.809756 -0.0352389
 -0.827248 -0.0445807
 -0.848778 -0.0451037
 -0.869454 -0.034429
 -0.882698 -0.0132497
 -0.882369 0.0133543
 -0.865987 0.0361981
 -0.837772 0.0448512
 -0.809262 0.0329231
 -0.795459 0.00359836
 -0.806524 -0.0286341
 -0.838939 -0.0438035
 -0.873308 -0.0293784
 -0.884554 0.00726015
 -0.861562 0.038844
 -0.821549 0.0372112
 -0.801304 0.000594847
 -0.824134 -0.0373571
 -0.870476 -0.0357777
 -0.890387 0.00696677
 -0.858877 0.0419667
 -0.814625 0.0231399
 -0.819602 -0.0277546
 -0.872618 -0.0392675
 -0.898874 0.00888143
 -0.857704 0.0434369
 -0.817612 0.00555309
 -0.852993 -0.0424604
 -0.907544 -0.0132065
 -0.883061 0.0414158
 -0.829808 0.01424
 -0.86219 -0.0423708
 -0.921188 -0.00876487
 -0.884681 0.0442383
 -0.840605 -0.00375896
 -0.901338 -0.0428895
 -0.931833 0.022296
 -0.86511 0.0314623
 -0.88177 -0.0405087
 -0.951842 -0.00491302
 -0.899024 0.0438456
 -0.882351 -0.0300324
 -0.96552 -0.0176053
 -0.923287 0.046221
 -0.898003 -0.0288798
 -0.986397 -0.0149957
 -0.934291 0.0455046
 -0.928449 -0.0396185
 -1.01181 0.00481668
 -0.934887 0.0326227
 -0.98283 -0.0495597
 -1.021 0.0386318
 -0.94841 -0.00871277
 -1.05356 -0.0244569
 -0.996261 0.0468798
 -1.02248 -0.0522408
 -1.0753 0.0412768
 -1.00324 -0.0199203
 -1.12124 -0.00510167
 -1.03177 0.027706
 -1.1292 -0.044726
 -1.09207 0.0546659
 -1.12563 -0.05843
 -1.15854 0.0570981
 -1.13127 -0.0528677
 -1.21903 0.0469181
 -1.15232 -0.041095
 -1.2736 0.0358172
 -1.18701 -0.0323746
 -1.32654 0.0305351
 -1.23276 -0.0313348
 -1.38093 0.0341108
 -1.29015 -0.0398148
 -1.43616 0.0472511
 -1.36436 -0.0570613
 -1.48755 0.0669499
 -1.46436 -0.0766588
 -1.52958 0.082048
 -1.59646 -0.0817658
 -1.56699 0.070281
 -1.74908 -0.0474398
 -1.6325 0.0103243
 -1.87939 0.0336214
 -1.78623 -0.0783722
 -1.94221 0.104772
 -2.05008 -0.10254
 -1.98949 0.0568675
 -2.3083 0.0168796
 -2.2094 -0.0987263
 -2.40881 0.133625
 -2.65126 -0.100533
 -2.54633 -0.0142737
 -2.96489 0.125954
 -3.11305 -0.17285
 -3.12144 0.0547587
 -3.72423 0.105533
 -3.89918 -0.235585
 -4.04496 0.0517752
 -5.02239 0.118079
 -5.4501 -0.322315
 -5.75984 -0.0720986
 -7.31982 0.133706
 -11.4613 -0.429097
 -10.6474 0.556181
 -14.1925 1.87066
 -25.1416 2.52174
 -33.2731 5.25437
 -26.4831 233.04
 42.8063 7.03631
 24.1615 3.83426
 16.023 2.23796
 13.549 0.318226
 8.91725 -0.802623
 7.75539 -0.0223564
 6.28799 0.258681
 5.1409 -0.0489553
 4.76154 -0.285961
 4.57648 -0.153871
 4.16296 0.127005
 3.60618 0.184657
 3.21819 0.00350572
 3.0989 -0.160277
 3.07946 -0.134718
 2.96323 0.0187781
 2.71744 0.132058
 2.45126 0.113509
 2.27861 0.00360588
 2.22406 -0.0962704
 2.22975 -0.117268
 2.21926 -0.0606548
 2.1514 0.0247756
 2.03275 0.0866892
 1.89803 0.0989823
 1.78288 0.0662142
 1.70673 0.0110431
 1.66994 -0.0417429
 1.66039 -0.0756631
 1.66222 -0.0853758
 1.66241 -0.0742105
 1.65349 -0.0497875
 1.63337 -0.0201843
 1.60362 0.00833191
 1.56756 0.0320505
 1.52879 0.0495646
 1.49028 0.0610819
 1.45412 0.0676928
 1.42153 0.0707952
 1.39306 0.0717253
 1.36886 0.0715639
 1.34885 0.0710615
 1.3329 0.070626
 1.32086 0.070333
 1.31262 0.069938
 1.30805 0.068888
 1.30686 0.0663444
 1.30849 0.0612473
 1.31188 0.0524589
 1.31535 0.0390271
 1.31656 0.0205877
 1.31264 -0.00212498
 1.30076 -0.0267863
 1.27912 -0.0492516
 1.24812 -0.063931
 1.21162 -0.0650933
 1.17728 -0.0491583
 1.15525 -0.0174654
 1.15475 0.0217772
 1.1789 0.0542136
 1.22021 0.0641949
 1.26028 0.0432411
 1.27658 -0.00178088
 1.25592 -0.047159
 1.20722 -0.0631654
 1.16237 -0.0347613
 1.15852 0.0200649
 1.20594 0.0594478
 1.26861 0.0427514
 1.29211 -0.021698
 1.25154 -0.07238
 1.07891 -0.145367
