 129.94
 139.336
 134.465
 111.285
 76.4064
 47.7459
 31.7434
 23.3459
 18.1473
 14.3317
 11.4472
 9.19289
 7.45394
 6.13423
 5.13941
 4.38497
 3.80299
 3.34378
 2.97188
 2.66146
 2.3934
 2.15407
 1.93481
 1.73168
 1.54476
 1.37706
 1.23299
 1.11674
 1.03061
 0.973817
 0.941046
 0.906527
 0.896855
 0.890068
 0.875652
 0.846438
 0.798419
 0.731774
 0.650992
 0.564092
 0.481119
 0.41221
 0.365572
 0.345797
 0.352829
 0.381835
 0.423995
 0.468105
 0.50266
 0.518041
 0.508374
 0.47271
 0.41521
 0.34438
 0.271502
 0.208452
 0.165464
 0.152178
 0.268229
 0.41816
