 -1.39946e-316 6.36632e-317
 -3.79369e-312 -0.00069411
 -7.58677e-312 -0.00138822
 -1.138e-311 -0.00208233
 -1.51732e-311 -0.00277644
 -1.89665e-311 -0.00347055
 -2.27597e-311 -0.00416466
 -2.6553e-311 -0.00485877
 -3.03462e-311 -0.00555288
 -3.41395e-311 -0.00624699
 -3.79327e-311 -0.0069411
 -4.1726e-311 -0.00763521
 -4.55192e-311 -0.00832932
 -4.93125e-311 -0.00902342
 -5.31057e-311 -0.00971753
 -5.68989e-311 -0.0104116
 -6.06922e-311 -0.0111058
 -6.44854e-311 -0.0117999
 -6.82787e-311 -0.012494
 -7.20719e-311 -0.0131881
 -7.58652e-311 -0.0138822
 -7.96584e-311 -0.0145763
 -8.34517e-311 -0.0152704
 -8.72449e-311 -0.0159645
 -9.10381e-311 -0.0166586
 -9.48314e-311 -0.0173527
 -9.86246e-311 -0.0180468
 -1.02418e-310 -0.018741
 -1.06211e-310 -0.0194351
 -1.10004e-310 -0.0201292
 -1.13798e-310 -0.0208233
 -1.17591e-310 -0.0215174
 -1.21384e-310 -0.0222115
 -1.25177e-310 -0.0229056
 -1.2897e-310 -0.0235997
 -1.32764e-310 -0.0242938
 -1.36557e-310 -0.0249879
 -1.4035e-310 -0.0256821
 -1.44143e-310 -0.0263762
 -1.47936e-310 -0.0270703
 -1.5173e-310 -0.0277644
 -1.55523e-310 -0.0284585
 -1.59316e-310 -0.0291526
 -1.63109e-310 -0.0298467
 -1.66902e-310 -0.0305408
 -1.70696e-310 -0.0312349
 -1.74489e-310 -0.031929
 -1.78282e-310 -0.0326232
 -1.82075e-310 -0.0333173
 -1.85868e-310 -0.0340114
 -1.89662e-310 -0.0347055
 -1.93455e-310 -0.0353996
 -1.97248e-310 -0.0360937
 -2.01041e-310 -0.0367878
 -2.04834e-310 -0.0374819
 -2.08627e-310 -0.038176
 -2.1242e-310 -0.0388701
 -2.16214e-310 -0.0395642
 -2.20007e-310 -0.0402584
 -2.238e-310 -0.0409525
 -2.27593e-310 -0.0416466
 -2.31386e-310 -0.0423407
 -2.35179e-310 -0.0430348
 -2.38972e-310 -0.0437289
 -2.42766e-310 -0.044423
 -2.46559e-310 -0.0451171
 -2.50352e-310 -0.0458112
 -2.54145e-310 -0.0465053
 -2.57938e-310 -0.0471995
 -2.61731e-310 -0.0478936
 -2.65524e-310 -0.0485877
 -2.69317e-310 -0.0492818
 -2.7311e-310 -0.0499759
 -2.76903e-310 -0.05067
 -2.80696e-310 -0.0513641
 -2.8449e-310 -0.0520582
 -2.88283e-310 -0.0527523
 -2.92076e-310 -0.0534464
 -2.95869e-310 -0.0541405
 -2.99662e-310 -0.0548347
 -3.03455e-310 -0.0555288
 -3.07248e-310 -0.0562229
 -3.11041e-310 -0.056917
 -3.14834e-310 -0.0576111
 -3.18627e-310 -0.0583052
 -3.2242e-310 -0.0589993
 -3.26213e-310 -0.0596934
 -3.30006e-310 -0.0603875
 -3.33799e-310 -0.0610816
 -3.37592e-310 -0.0617758
 -3.41385e-310 -0.0624699
 -3.45178e-310 -0.063164
 -3.48971e-310 -0.0638581
 -3.52764e-310 -0.0645522
 -3.56557e-310 -0.0652463
 -3.6035e-310 -0.0659404
 -3.64143e-310 -0.0666345
 -3.67936e-310 -0.0673286
 -3.71729e-310 -0.0680227
 -3.75522e-310 -0.0687168
 -3.79314e-310 -0.069411
 -3.83107e-310 -0.0701051
 -3.869e-310 -0.0707992
 -3.90693e-310 -0.0714933
 -3.94486e-310 -0.0721874
 -3.98279e-310 -0.0728815
 -4.02072e-310 -0.0735756
 -4.05865e-310 -0.0742697
 -4.09658e-310 -0.0749638
 -4.1345e-310 -0.0756579
 -4.17243e-310 -0.0763521
 -4.21036e-310 -0.0770462
 -4.24829e-310 -0.0777403
 -4.28622e-310 -0.0784344
 -4.32415e-310 -0.0791285
 -4.36207e-310 -0.0798226
 -4.4e-310 -0.0805167
 -4.43793e-310 -0.0812108
 -4.47586e-310 -0.0819049
 -4.51379e-310 -0.082599
 -4.55171e-310 -0.0832932
 -4.58964e-310 -0.0839873
 -4.62757e-310 -0.0846814
 -4.6655e-310 -0.0853755
 -4.70342e-310 -0.0860696
 -4.74135e-310 -0.0867637
 -4.77928e-310 -0.0874578
 -4.81721e-310 -0.0881519
 -4.85513e-310 -0.088846
 -4.89306e-310 -0.0895401
 -4.93099e-310 -0.0902342
 -4.96891e-310 -0.0909284
 -5.00684e-310 -0.0916225
 -5.04477e-310 -0.0923166
 -5.08269e-310 -0.0930107
 -5.12062e-310 -0.0937048
 -5.15855e-310 -0.0943989
 -5.19647e-310 -0.095093
 -5.2344e-310 -0.0957871
 -5.27232e-310 -0.0964812
 -5.31025e-310 -0.0971753
 -5.34818e-310 -0.0978695
 -5.3861e-310 -0.0985636
 -5.42403e-310 -0.0992577
 -5.46195e-310 -0.0999518
 -5.49988e-310 -0.100646
 -5.5378e-310 -0.10134
 -5.57573e-310 -0.102034
 -5.61365e-310 -0.102728
 -5.65158e-310 -0.103422
 -5.6895e-310 -0.104116
 -5.72743e-310 -0.104811
 -5.76535e-310 -0.105505
 -5.80328e-310 -0.106199
 -5.8412e-310 -0.106893
 -5.87913e-310 -0.107587
 -5.91705e-310 -0.108281
 -5.95498e-310 -0.108975
 -5.9929e-310 -0.109669
 -6.03082e-310 -0.110363
 -6.06875e-310 -0.111058
 -6.10667e-310 -0.111752
 -6.1446e-310 -0.112446
 -6.18252e-310 -0.11314
 -6.22044e-310 -0.113834
 -6.25837e-310 -0.114528
 -6.29629e-310 -0.115222
 -6.33421e-310 -0.115916
 -6.37214e-310 -0.11661
 -6.41006e-310 -0.117305
 -6.44798e-310 -0.117999
 -6.48591e-310 -0.118693
 -6.52383e-310 -0.119387
 -6.56175e-310 -0.120081
 -6.59967e-310 -0.120775
 -6.63759e-310 -0.121469
 -6.67552e-310 -0.122163
 -6.71344e-310 -0.122857
 -6.75136e-310 -0.123552
 -6.78928e-310 -0.124246
 -6.8272e-310 -0.12494
 -6.86513e-310 -0.125634
 -6.90305e-310 -0.126328
 -6.94097e-310 -0.127022
 -6.97889e-310 -0.127716
 -7.01681e-310 -0.12841
 -7.05473e-310 -0.129104
 -7.09265e-310 -0.129798
 -7.13057e-310 -0.130493
 -7.16849e-310 -0.131187
 -7.20641e-310 -0.131881
 -7.24433e-310 -0.132575
 -7.28225e-310 -0.133269
 -7.32017e-310 -0.133963
 -7.35809e-310 -0.134657
 -7.39601e-310 -0.135351
 -7.43393e-310 -0.136045
 -7.47185e-310 -0.13674
 -7.50977e-310 -0.137434
 -7.54769e-310 -0.138128
 -7.58561e-310 -0.138822
 -7.62353e-310 -0.139516
 -7.66145e-310 -0.14021
 -7.69937e-310 -0.140904
 -7.73729e-310 -0.141598
 -7.7752e-310 -0.142292
 -7.81312e-310 -0.142987
 -7.85104e-310 -0.143681
 -7.88896e-310 -0.144375
 -7.92688e-310 -0.145069
 -7.96479e-310 -0.145763
 -8.00271e-310 -0.146457
 -8.04063e-310 -0.147151
 -8.07855e-310 -0.147845
 -8.11646e-310 -0.148539
 -8.15438e-310 -0.149234
 -8.1923e-310 -0.149928
 -8.23022e-310 -0.150622
 -8.26813e-310 -0.151316
 -8.30605e-310 -0.15201
 -8.34396e-310 -0.152704
 -8.38188e-310 -0.153398
 -8.4198e-310 -0.154092
 -8.45771e-310 -0.154786
 -8.49563e-310 -0.155481
 -8.53354e-310 -0.156175
 -8.57146e-310 -0.156869
 -8.60937e-310 -0.157563
 -8.64729e-310 -0.158257
 -8.6852e-310 -0.158951
 -8.72312e-310 -0.159645
 -8.76103e-310 -0.160339
 -8.79895e-310 -0.161033
 -8.83686e-310 -0.161728
 -8.87478e-310 -0.162422
 -8.91269e-310 -0.163116
 -8.9506e-310 -0.16381
 -8.98852e-310 -0.164504
 -9.02643e-310 -0.165198
 -9.06434e-310 -0.165892
 -9.10226e-310 -0.166586
 -9.14017e-310 -0.16728
 -9.17808e-310 -0.167975
 -9.216e-310 -0.168669
 -9.25391e-310 -0.169363
 -9.29182e-310 -0.170057
 -9.32973e-310 -0.170751
 -9.36765e-310 -0.171445
 -9.40556e-310 -0.172139
 -9.44347e-310 -0.172833
 -9.48138e-310 -0.173527
 -9.51929e-310 -0.174222
 -9.5572e-310 -0.174916
 -9.59511e-310 -0.17561
 -9.63303e-310 -0.176304
 -9.67094e-310 -0.176998
 -9.70885e-310 -0.177692
 -9.74676e-310 -0.178386
 -9.78467e-310 -0.17908
 -9.82258e-310 -0.179774
 -9.86049e-310 -0.180468
 -9.8984e-310 -0.181163
 -9.93631e-310 -0.181857
 -9.97421e-310 -0.182551
 -1.00121e-309 -0.183245
 -1.005e-309 -0.183939
 -1.00879e-309 -0.184633
 -1.01259e-309 -0.185327
 -1.01638e-309 -0.186021
 -1.02017e-309 -0.186715
 -1.02396e-309 -0.18741
 -1.02775e-309 -0.188104
 -1.03154e-309 -0.188798
 -1.03533e-309 -0.189492
 -1.03912e-309 -0.190186
 -1.04291e-309 -0.19088
 -1.0467e-309 -0.191574
 -1.05049e-309 -0.192268
 -1.05428e-309 -0.192962
 -1.05807e-309 -0.193657
 -1.06186e-309 -0.194351
 -1.06566e-309 -0.195045
 -1.06945e-309 -0.195739
 -1.07324e-309 -0.196433
 -1.07703e-309 -0.197127
 -1.08082e-309 -0.197821
 -1.08461e-309 -0.198515
 -1.0884e-309 -0.199209
 -1.09219e-309 -0.199904
 -1.09598e-309 -0.200598
 -1.09977e-309 -0.201292
 -1.10356e-309 -0.201986
 -1.10735e-309 -0.20268
 -1.11114e-309 -0.203374
 -1.11493e-309 -0.204068
 -1.11872e-309 -0.204762
 -1.12251e-309 -0.205456
 -1.1263e-309 -0.206151
 -1.13009e-309 -0.206845
 -1.13388e-309 -0.207539
 -1.13767e-309 -0.208233
 -1.14146e-309 -0.208927
 -1.14525e-309 -0.209621
 -1.14904e-309 -0.210315
 -1.15283e-309 -0.211009
 -1.15662e-309 -0.211703
 -1.16041e-309 -0.212398
 -1.1642e-309 -0.213092
 -1.16799e-309 -0.213786
 -1.17178e-309 -0.21448
 -1.17557e-309 -0.215174
 -1.17936e-309 -0.215868
 -1.18315e-309 -0.216562
 -1.18694e-309 -0.217256
 -1.19073e-309 -0.21795
 -1.19452e-309 -0.218645
 -1.19831e-309 -0.219339
 -1.2021e-309 -0.220033
 -1.20589e-309 -0.220727
 -1.20968e-309 -0.221421
 -1.21347e-309 -0.222115
 -1.21726e-309 -0.222809
 -1.22105e-309 -0.223503
 -1.22484e-309 -0.224197
 -1.22863e-309 -0.224892
 -1.23242e-309 -0.225586
 -1.23621e-309 -0.22628
 -1.24e-309 -0.226974
 -1.24379e-309 -0.227668
 -1.24758e-309 -0.228362
 -1.25137e-309 -0.229056
 -1.25516e-309 -0.22975
 -1.25895e-309 -0.230444
 -1.26274e-309 -0.231138
 -1.26653e-309 -0.231833
 -1.27032e-309 -0.232527
 -1.27411e-309 -0.233221
 -1.2779e-309 -0.233915
 -1.28169e-309 -0.234609
 -1.28548e-309 -0.235303
 -1.28926e-309 -0.235997
 -1.29305e-309 -0.236691
 -1.29684e-309 -0.237385
 -1.30063e-309 -0.23808
 -1.30442e-309 -0.238774
 -1.30821e-309 -0.239468
 -1.312e-309 -0.240162
 -1.31579e-309 -0.240856
 -1.31958e-309 -0.24155
 -1.32337e-309 -0.242244
 -1.32716e-309 -0.242938
 -1.33095e-309 -0.243632
 -1.33474e-309 -0.244327
 -1.33852e-309 -0.245021
 -1.34231e-309 -0.245715
 -1.3461e-309 -0.246409
 -1.34989e-309 -0.247103
 -1.35368e-309 -0.247797
 -1.35747e-309 -0.248491
 -1.36126e-309 -0.249185
 -1.36505e-309 -0.249879
 -1.36884e-309 -0.250574
 -1.37262e-309 -0.251268
 -1.37641e-309 -0.251962
 -1.3802e-309 -0.252656
 -1.38399e-309 -0.25335
 -1.38778e-309 -0.254044
 -1.39157e-309 -0.254738
 -1.39536e-309 -0.255432
 -1.39915e-309 -0.256126
 -1.40293e-309 -0.256821
 -1.40672e-309 -0.257515
 -1.41051e-309 -0.258209
 -1.4143e-309 -0.258903
 -1.41809e-309 -0.259597
 -1.42188e-309 -0.260291
 -1.42567e-309 -0.260985
 -1.42945e-309 -0.261679
 -1.43324e-309 -0.262373
 -1.43703e-309 -0.263068
 -1.44082e-309 -0.263762
 -1.44461e-309 -0.264456
 -1.4484e-309 -0.26515
 -1.45218e-309 -0.265844
 -1.45597e-309 -0.266538
 -1.45976e-309 -0.267232
 -1.46355e-309 -0.267926
 -1.46734e-309 -0.26862
 -1.47113e-309 -0.269315
 -1.47491e-309 -0.270009
 -1.4787e-309 -0.270703
 -1.48249e-309 -0.271397
 -1.48628e-309 -0.272091
 -1.49007e-309 -0.272785
 -1.49385e-309 -0.273479
 -1.49764e-309 -0.274173
 -1.50143e-309 -0.274867
 -1.50522e-309 -0.275562
 -1.50901e-309 -0.276256
 -1.51279e-309 -0.27695
 -1.51658e-309 -0.277644
 -1.52037e-309 -0.278338
 -1.52416e-309 -0.279032
 -1.52795e-309 -0.279726
 -1.53173e-309 -0.28042
 -1.53552e-309 -0.281114
 -1.53931e-309 -0.281808
 -1.5431e-309 -0.282503
 -1.54688e-309 -0.283197
 -1.55067e-309 -0.283891
 -1.55446e-309 -0.284585
 -1.55825e-309 -0.285279
 -1.56203e-309 -0.285973
 -1.56582e-309 -0.286667
 -1.56961e-309 -0.287361
 -1.5734e-309 -0.288055
 -1.57718e-309 -0.28875
 -1.58097e-309 -0.289444
 -1.58476e-309 -0.290138
 -1.58855e-309 -0.290832
 -1.59233e-309 -0.291526
 -1.59612e-309 -0.29222
 -1.59991e-309 -0.292914
 -1.6037e-309 -0.293608
 -1.60748e-309 -0.294302
 -1.61127e-309 -0.294997
 -1.61506e-309 -0.295691
 -1.61884e-309 -0.296385
 -1.62263e-309 -0.297079
 -1.62642e-309 -0.297773
 -1.63021e-309 -0.298467
 -1.63399e-309 -0.299161
 -1.63778e-309 -0.299855
 -1.64157e-309 -0.300549
 -1.64535e-309 -0.301244
 -1.64914e-309 -0.301938
 -1.65293e-309 -0.302632
 -1.65671e-309 -0.303326
 -1.6605e-309 -0.30402
 -1.66429e-309 -0.304714
 -1.66807e-309 -0.305408
 -1.67186e-309 -0.306102
 -1.67565e-309 -0.306796
 -1.67943e-309 -0.307491
 -1.68322e-309 -0.308185
 -1.68701e-309 -0.308879
 -1.69079e-309 -0.309573
 -1.69458e-309 -0.310267
 -1.69837e-309 -0.310961
 -1.70215e-309 -0.311655
 -1.70594e-309 -0.312349
 -1.70973e-309 -0.313043
 -1.71351e-309 -0.313738
 -1.7173e-309 -0.314432
 -1.72109e-309 -0.315126
 -1.72487e-309 -0.31582
 -1.72866e-309 -0.316514
 -1.73244e-309 -0.317208
 -1.73623e-309 -0.317902
 -1.74002e-309 -0.318596
 -1.7438e-309 -0.31929
 -1.74759e-309 -0.319985
 -1.75138e-309 -0.320679
 -1.75516e-309 -0.321373
 -1.75895e-309 -0.322067
 -1.76273e-309 -0.322761
 -1.76652e-309 -0.323455
 -1.77031e-309 -0.324149
 -1.77409e-309 -0.324843
 -1.77788e-309 -0.325537
 -1.78166e-309 -0.326232
 -1.78545e-309 -0.326926
 -1.78923e-309 -0.32762
 -1.79302e-309 -0.328314
 -1.79681e-309 -0.329008
 -1.80059e-309 -0.329702
 -1.80438e-309 -0.330396
 -1.80816e-309 -0.33109
 -1.81195e-309 -0.331784
 -1.81573e-309 -0.332478
 -1.81952e-309 -0.333173
 -1.8233e-309 -0.333867
 -1.82709e-309 -0.334561
 -1.83088e-309 -0.335255
 -1.83466e-309 -0.335949
 -1.83845e-309 -0.336643
 -1.84223e-309 -0.337337
 -1.84602e-309 -0.338031
 -1.8498e-309 -0.338725
 -1.85359e-309 -0.33942
 -1.85737e-309 -0.340114
 -1.86116e-309 -0.340808
 -1.86494e-309 -0.341502
 -1.86873e-309 -0.342196
 -1.87251e-309 -0.34289
 -1.8763e-309 -0.343584
 -1.88008e-309 -0.344278
 -1.88387e-309 -0.344972
 -1.88765e-309 -0.345667
 -1.89144e-309 -0.346361
 -1.89522e-309 -0.347055
 -1.89901e-309 -0.347749
 -1.90279e-309 -0.348443
 -1.90658e-309 -0.349137
 -1.91036e-309 -0.349831
 -1.91415e-309 -0.350525
 -1.91793e-309 -0.351219
 -1.92172e-309 -0.351914
 -1.9255e-309 -0.352608
 -1.92928e-309 -0.353302
 -1.93307e-309 -0.353996
 -1.93685e-309 -0.35469
