 68.5334
 69.0159
 69.8167
 70.7113
 71.4258
 71.7299
 71.4429
 70.4349
 68.6492
 66.0905
 62.8211
 58.9603
 54.6791
 50.1727
 45.6365
 41.2478
 37.1463
 33.4228
 30.1195
 27.2379
 24.7488
 22.6038
 20.7458
 19.1189
 17.6742
 16.3731
 15.1875
 14.0979
 13.0917
 12.1605
 11.2985
 10.5013
 9.76493
 9.08579
 8.46021
 7.88462
 7.35554
 6.86962
 6.42357
 6.01421
 5.63851
 5.29355
 4.97662
 4.68519
 4.41695
 4.16981
 3.94187
 3.73144
 3.53698
 3.35714
 3.19067
 3.03646
 2.89352
 2.76092
 2.63787
 2.5236
 2.41746
 2.31884
 2.2272
 2.14203
 2.0629
 1.98941
 1.92119
 1.85792
 1.79932
 1.74512
 1.6951
 1.64907
 1.60687
 1.56834
 1.53334
 1.50176
 1.47349
 1.44846
 1.4266
 1.40787
 1.39224
 1.37969
 1.37025
 1.3643
