 777.851
 773.897
 756.598
 724.56
 677.566
 616.979
 546.794
 470.159
 392.694
 320.466
 258.17
 208.689
 170.935
 142.555
 120.863
 103.707
 89.7203
 78.1412
 68.5146
 60.5013
 53.8088
 48.1912
 43.4335
 39.3681
 35.8648
 32.8224
 30.1619
 27.8211
 25.7467
 23.9008
 22.2507
 20.7696
 19.4315
 18.2204
 17.1208
 16.1192
 15.2042
 14.366
 13.5961
 12.8875
 12.2344
 11.6273
 11.0647
 10.5427
 10.0573
 9.60527
 9.18369
 8.79054
 8.41943
 8.07151
 7.74527
 7.43896
 7.15105
 6.88029
 6.62613
 6.38332
 6.1545
 5.9395
 5.73793
 5.54974
 5.37539
 5.21638
 5.07011
 4.93738
 4.82444
 4.7342
 4.66916
 4.63137
 4.62027
 4.62751
