 0.0457808
 1.53682
 5.96204
 13.3245
 23.5918
 36.6721
 52.3777
 70.3767
 90.1369
 110.882
 131.548
 150.784
 166.986
 178.408
 183.343
 180.376
 168.729
 148.573
 121.302
 89.6445
 57.4734
 29.2871
 9.33977
 0.559722
 3.53089
 15.91
 32.6825
 47.3528
 54.0587
 49.808
 36.0267
 18.3595
 4.46081
 0.370664
 7.17431
 19.9834
 30.328
 31.2061
 21.7989
 8.46618
 0.561612
 3.43262
 13.8664
 22.2913
 20.8497
 10.7197
 1.45787
 1.8741
 10.8257
 17.9616
 14.9025
 5.10432
 0.244247
 5.99955
 14.3904
 13.7922
 4.8674
 0.292986
 6.7065
 14.2309
