 276.708
 286.393
 310.194
 346.404
 389.535
 432.809
 468.532
 488.45
 486.083
 458.776
 409.167
 345.087
 277.659
 217.763
 172.324
 142.331
 123.797
 111.036
 99.9985
 89.4925
 80.0332
 72.0671
 65.3459
 59.4539
 54.2661
 49.7793
 45.873
 42.4028
 39.3122
 36.5622
 34.0922
 31.8631
 29.8504
 28.0238
 26.3604
 24.8428
 23.453
 22.1774
 21.0039
 19.9214
 18.9211
 17.9946
 17.1348
 16.3355
 15.5911
 14.8966
 14.2477
 13.6404
 13.0713
 12.5373
 12.0354
 11.5631
 11.1182
 10.6986
 10.3025
 9.92805
 9.57391
 9.23875
 8.92154
 8.62155
 8.33851
 8.07276
 7.8256
 7.59964
 7.39921
 7.23064
 7.10205
 7.0216
 6.99193
 6.99844
