 -1.43988e-15 -4.16184e-15
 -1.67142 -2.62596
 -3.36297 -5.16177
 -5.08824 -7.57007
 -6.86298 -9.81192
 -8.69628 -11.8476
 -10.5942 -13.6419
 -12.5514 -15.1578
 -14.5527 -16.3614
 -16.5738 -17.2247
 -18.5812 -17.7277
 -20.5342 -17.8597
 -22.3865 -17.6215
 -24.0883 -17.026
 -25.5898 -16.0995
 -26.8444 -14.881
 -27.812 -13.4214
 -28.4622 -11.7819
 -28.7775 -10.0308
 -28.7549 -8.23998
 -28.4071 -6.48102
 -27.7622 -4.82064
 -26.8622 -3.31656
 -25.7602 -2.01392
 -24.5166 -0.942654
 -23.1948 -0.116059
 -21.8561 0.469091
 -20.5559 0.831032
 -19.3395 1.00019
 -18.2395 1.01536
 -17.275 0.919408
 -16.4516 0.754909
 -15.763 0.560306
 -15.1936 0.366978
 -14.7221 0.197492
 -14.3248 0.0651366
 -13.9785 -0.0253679
 -13.6634 -0.0762358
 -13.3643 -0.0944371
 -13.0713 -0.0893728
 -12.7793 -0.0707766
 -12.4875 -0.0471159
 -12.1974 -0.0246333
 -11.9122 -0.0070328
 -11.635 0.00430099
 -11.3686 0.00973396
 -11.1143 0.0106703
 -10.8728 0.00887823
 -10.6434 0.00597764
 -10.4253 0.00314538
 -10.2171 0.00102832
 -10.0177 -0.000188283
 -9.82596 -0.000629412
 -9.6413 -0.000563612
 -9.46318 -0.000268799
 -9.29126 4.7298e-05
 -9.1253 0.000272854
 -8.9651 0.00037906
 -8.81042 0.000388834
 -8.66101 0.000344423
 -8.51663 0.00028432
 -8.37701 0.000232499
 -8.24191 0.000197731
 -8.1111 0.000178415
 -7.98437 0.000168586
 -7.86154 0.000162405
 -7.74243 0.000156248
 -7.62687 0.000148851
 -7.51471 0.000140466
 -7.4058 0.000131871
 -7.3 0.000123724
 -7.19718 0.000116329
 -7.09722 0.00010969
 -7 0.000103672
 -6.9054 9.81267e-05
 -6.81333 9.29536e-05
 -6.72368 8.81047e-05
 -6.63636 8.3561e-05
 -6.55128 7.93108e-05
 -6.46835 7.5339e-05
 -6.3875 7.1626e-05
 -6.30864 6.81506e-05
 -6.23171 6.48927e-05
 -6.15663 6.18349e-05
 -6.08333 5.89622e-05
 -6.01176 5.62612e-05
 -5.94186 5.37199e-05
 -5.87356 5.13271e-05
 -5.80682 4.90724e-05
 -5.74157 4.69462e-05
 -5.67778 4.49397e-05
 -5.61538 4.30447e-05
 -5.55435 4.12536e-05
 -5.49462 3.95595e-05
 -5.43617 3.7956e-05
 -5.37895 3.64372e-05
 -5.32292 3.49976e-05
 -5.26804 3.36322e-05
 -5.21429 3.23364e-05
 -5.16162 3.11058e-05
 -5.11 2.99365e-05
 -5.05941 2.88248e-05
 -5.0098 2.77671e-05
 -4.96117 2.67604e-05
 -4.91346 2.58015e-05
 -4.86667 2.48877e-05
 -4.82075 2.40165e-05
 -4.7757 2.31853e-05
 -4.73148 2.2392e-05
 -4.68807 2.16345e-05
 -4.64545 2.09106e-05
 -4.6036 2.02187e-05
 -4.5625 1.9557e-05
 -4.52212 1.89238e-05
 -4.48246 1.83177e-05
 -4.44348 1.77372e-05
 -4.40517 1.7181e-05
 -4.36752 1.66479e-05
 -4.33051 1.61366e-05
 -4.29412 1.56461e-05
 -4.25833 1.51754e-05
 -4.22314 1.47234e-05
 -4.18853 1.42892e-05
 -4.15447 1.3872e-05
 -4.12097 1.34709e-05
 -4.088 1.30852e-05
 -4.05556 1.27142e-05
 -4.02362 1.23571e-05
 -3.99219 1.20134e-05
 -3.96124 1.16823e-05
 -3.93077 1.13634e-05
 -3.90076 1.1056e-05
 -3.87121 1.07597e-05
 -3.84211 1.04739e-05
 -3.81343 1.01983e-05
 -3.78519 9.93225e-06
 -3.75735 9.67548e-06
 -3.72993 9.42754e-06
 -3.7029 9.18806e-06
 -3.67626 8.95669e-06
 -3.65 8.73307e-06
 -3.62412 8.5169e-06
 -3.59859 8.30786e-06
 -3.57343 8.10565e-06
 -3.54861 7.91001e-06
 -3.52414 7.72067e-06
 -3.5 7.53737e-06
 -3.47619 7.35988e-06
 -3.45271 7.18797e-06
 -3.42953 7.02141e-06
 -3.40667 6.86001e-06
 -3.38411 6.70356e-06
 -3.36185 6.55188e-06
 -3.33987 6.40478e-06
 -3.31819 6.26209e-06
 -3.29678 6.12365e-06
 -3.27564 5.9893e-06
 -3.25478 5.85889e-06
 -3.23418 5.73227e-06
 -3.21384 5.60931e-06
 -3.19375 5.48988e-06
 -3.17392 5.37384e-06
 -3.15433 5.26109e-06
 -3.13497 5.1515e-06
 -3.11586 5.04496e-06
 -3.09697 4.94137e-06
 -3.07832 4.84062e-06
 -3.05989 4.74262e-06
 -3.04167 4.64728e-06
 -3.02367 4.5545e-06
 -3.00589 4.46419e-06
 -2.98831 4.37629e-06
 -2.97094 4.2907e-06
 -2.95376 4.20735e-06
 -2.93679 4.12616e-06
 -2.92001 4.04708e-06
 -2.90342 3.97002e-06
 -2.88701 3.89492e-06
 -2.8708 3.82173e-06
 -2.85476 3.75038e-06
 -2.8389 3.68081e-06
 -2.82321 3.61296e-06
 -2.8077 3.54679e-06
 -2.79236 3.48225e-06
 -2.77719 3.41927e-06
 -2.76217 3.35782e-06
 -2.74732 3.29785e-06
 -2.73263 3.23931e-06
 -2.7181 3.18216e-06
 -2.70372 3.12636e-06
 -2.68949 3.07187e-06
 -2.67541 3.01865e-06
 -2.66147 2.96666e-06
 -2.64768 2.91588e-06
 -2.63404 2.86625e-06
 -2.62053 2.81776e-06
 -2.60716 2.77036e-06
 -2.59393 2.72403e-06
 -2.58083 2.67873e-06
 -2.56786 2.63444e-06
 -2.55502 2.59113e-06
 -2.54231 2.54877e-06
 -2.52972 2.50734e-06
 -2.51726 2.46681e-06
 -2.50493 2.42715e-06
 -2.49271 2.38835e-06
 -2.48061 2.35037e-06
 -2.46862 2.3132e-06
 -2.45676 2.27681e-06
 -2.445 2.24119e-06
 -2.43336 2.20632e-06
 -2.42183 2.17216e-06
 -2.41041 2.13871e-06
 -2.39909 2.10595e-06
 -2.38788 2.07386e-06
 -2.37678 2.04242e-06
 -2.36578 2.01162e-06
 -2.35487 1.98143e-06
 -2.34407 1.95185e-06
 -2.33337 1.92286e-06
 -2.32277 1.89443e-06
 -2.31226 1.86657e-06
 -2.30184 1.83926e-06
 -2.29152 1.81247e-06
 -2.28129 1.7862e-06
 -2.27116 1.76044e-06
 -2.26111 1.73518e-06
 -2.25115 1.71039e-06
 -2.24128 1.68608e-06
 -2.23149 1.66222e-06
 -2.22179 1.63881e-06
 -2.21218 1.61584e-06
 -2.20264 1.59329e-06
 -2.19319 1.57116e-06
 -2.18382 1.54944e-06
 -2.17453 1.52811e-06
 -2.16532 1.50718e-06
 -2.15618 1.48662e-06
 -2.14713 1.46643e-06
 -2.13815 1.44661e-06
 -2.12924 1.42714e-06
 -2.12041 1.40801e-06
 -2.11165 1.38922e-06
 -2.10296 1.37076e-06
 -2.09434 1.35263e-06
 -2.0858 1.33481e-06
 -2.07732 1.3173e-06
 -2.06892 1.30009e-06
 -2.06058 1.28317e-06
 -2.0523 1.26655e-06
 -2.0441 1.25021e-06
 -2.03596 1.23414e-06
 -2.02788 1.21834e-06
 -2.01987 1.20281e-06
 -2.01192 1.18754e-06
 -2.00403 1.17252e-06
 -1.99621 1.15774e-06
 -1.98844 1.14322e-06
 -1.98074 1.12892e-06
 -1.9731 1.11486e-06
 -1.96551 1.10103e-06
 -1.95799 1.08742e-06
 -1.95052 1.07403e-06
 -1.9431 1.06086e-06
 -1.93575 1.04789e-06
 -1.92845 1.03513e-06
 -1.9212 1.02256e-06
 -1.91401 1.0102e-06
 -1.90687 9.98029e-07
 -1.89979 9.86047e-07
 -1.89276 9.7425e-07
 -1.88578 9.62634e-07
 -1.87885 9.51196e-07
 -1.87198 9.39933e-07
 -1.86515 9.2884e-07
 -1.85837 9.17916e-07
 -1.85164 9.07155e-07
 -1.84497 8.96556e-07
 -1.83833 8.86114e-07
 -1.83175 8.75828e-07
 -1.82522 8.65693e-07
 -1.81873 8.55708e-07
 -1.81228 8.45869e-07
 -1.80589 8.36173e-07
 -1.79953 8.26617e-07
 -1.79323 8.172e-07
 -1.78696 8.07918e-07
 -1.78074 7.98769e-07
 -1.77457 7.89751e-07
 -1.76844 7.8086e-07
 -1.76235 7.72095e-07
 -1.7563 7.63453e-07
 -1.75029 7.54932e-07
 -1.74432 7.4653e-07
 -1.7384 7.38245e-07
 -1.73252 7.30074e-07
 -1.72667 7.22015e-07
 -1.72087 7.14067e-07
 -1.7151 7.06227e-07
 -1.70937 6.98494e-07
 -1.70369 6.90865e-07
 -1.69803 6.83338e-07
 -1.69242 6.75912e-07
 -1.68685 6.68586e-07
 -1.68131 6.61356e-07
 -1.67581 6.54222e-07
 -1.67034 6.47182e-07
 -1.66491 6.40234e-07
 -1.65951 6.33377e-07
 -1.65416 6.26609e-07
 -1.64883 6.19928e-07
 -1.64354 6.13333e-07
 -1.63829 6.06822e-07
 -1.63306 6.00395e-07
 -1.62787 5.94049e-07
 -1.62272 5.87783e-07
 -1.6176 5.81596e-07
 -1.61251 5.75486e-07
 -1.60745 5.69452e-07
 -1.60243 5.63493e-07
 -1.59743 5.57608e-07
 -1.59247 5.51795e-07
 -1.58754 5.46052e-07
 -1.58264 5.4038e-07
 -1.57777 5.34776e-07
 -1.57293 5.2924e-07
 -1.56812 5.2377e-07
 -1.56334 5.18366e-07
 -1.55859 5.13025e-07
 -1.55387 5.07748e-07
 -1.54918 5.02532e-07
 -1.54451 4.97378e-07
 -1.53988 4.92283e-07
 -1.53527 4.87247e-07
 -1.5307 4.8227e-07
 -1.52614 4.77349e-07
 -1.52162 4.72484e-07
 -1.51713 4.67674e-07
 -1.51266 4.62919e-07
 -1.50821 4.58216e-07
 -1.5038 4.53566e-07
 -1.49941 4.48968e-07
 -1.49505 4.4442e-07
 -1.49071 4.39922e-07
 -1.4864 4.35473e-07
 -1.48211 4.31072e-07
 -1.47785 4.26718e-07
 -1.47362 4.22411e-07
 -1.4694 4.18149e-07
 -1.46522 4.13933e-07
 -1.46106 4.0976e-07
 -1.45692 4.05631e-07
 -1.4528 4.01545e-07
 -1.44871 3.97501e-07
 -1.44465 3.93498e-07
 -1.44061 3.89536e-07
 -1.43659 3.85614e-07
 -1.43259 3.81731e-07
 -1.42862 3.77886e-07
 -1.42467 3.74079e-07
 -1.42074 3.7031e-07
 -1.41683 3.66577e-07
 -1.41295 3.6288e-07
 -1.40909 3.59218e-07
 -1.40525 3.55592e-07
 -1.40143 3.51999e-07
 -1.39763 3.48439e-07
 -1.39386 3.44913e-07
 -1.3901 3.41419e-07
 -1.38637 3.37957e-07
 -1.38266 3.34526e-07
 -1.37896 3.31125e-07
 -1.37529 3.27755e-07
 -1.37164 3.24414e-07
 -1.36801 3.21103e-07
 -1.3644 3.17819e-07
 -1.36081 3.14564e-07
 -1.35724 3.11336e-07
 -1.35369 3.08135e-07
 -1.35016 3.0496e-07
 -1.34665 3.01812e-07
 -1.34315 2.98689e-07
 -1.33968 2.9559e-07
 -1.33623 2.92517e-07
 -1.33279 2.89467e-07
 -1.32937 2.86441e-07
 -1.32597 2.83437e-07
 -1.32259 2.80457e-07
 -1.31923 2.77498e-07
 -1.31589 2.74562e-07
 -1.31256 2.71646e-07
 -1.30925 2.68752e-07
 -1.30596 2.65878e-07
 -1.30269 2.63023e-07
 -1.29944 2.60189e-07
 -1.2962 2.57373e-07
 -1.29298 2.54577e-07
 -1.28978 2.51798e-07
 -1.28659 2.49038e-07
 -1.28342 2.46295e-07
 -1.28027 2.43569e-07
 -1.27714 2.4086e-07
 -1.27402 2.38167e-07
 -1.27092 2.3549e-07
 -1.26783 2.32829e-07
 -1.26477 2.30183e-07
 -1.26171 2.27551e-07
 -1.25868 2.24935e-07
 -1.25566 2.22332e-07
 -1.25265 2.19743e-07
 -1.24966 2.17168e-07
 -1.24669 2.14605e-07
 -1.24373 2.12055e-07
 -1.24079 2.09518e-07
 -1.23787 2.06992e-07
 -1.23496 2.04478e-07
 -1.23206 2.01975e-07
 -1.22918 1.99483e-07
 -1.22632 1.97002e-07
 -1.22347 1.94531e-07
 -1.22063 1.9207e-07
 -1.21781 1.89618e-07
 -1.21501 1.87176e-07
 -1.21222 1.84743e-07
 -1.20944 1.82318e-07
 -1.20668 1.79901e-07
 -1.20394 1.77492e-07
 -1.2012 1.75091e-07
 -1.19849 1.72698e-07
 -1.19578 1.70311e-07
 -1.19309 1.6793e-07
 -1.19042 1.65557e-07
 -1.18776 1.63189e-07
 -1.18511 1.60826e-07
 -1.18248 1.58469e-07
 -1.17986 1.56117e-07
 -1.17725 1.5377e-07
 -1.17466 1.51427e-07
 -1.17208 1.49088e-07
 -1.16952 1.46753e-07
 -1.16696 1.44421e-07
 -1.16443 1.42093e-07
 -1.1619 1.39767e-07
 -1.15939 1.37443e-07
 -1.15689 1.35122e-07
 -1.15441 1.32802e-07
 -1.15194 1.30484e-07
 -1.14948 1.28167e-07
 -1.14703 1.25851e-07
 -1.1446 1.23535e-07
 -1.14218 1.21219e-07
 -1.13978 1.18903e-07
 -1.13738 1.16587e-07
 -1.135 1.14269e-07
 -1.13263 1.11951e-07
 -1.13028 1.0963e-07
 -1.12793 1.07308e-07
 -1.1256 1.04984e-07
 -1.12329 1.02656e-07
 -1.12098 1.00326e-07
 -1.11869 9.79925e-08
 -1.11641 9.56551e-08
 -1.11414 9.33136e-08
 -1.11188 9.09676e-08
 -1.10964 8.86168e-08
 -1.10741 8.62606e-08
 -1.10519 8.38988e-08
 -1.10298 8.1531e-08
 -1.10079 7.91567e-08
 -1.09861 7.67756e-08
 -1.09644 7.43872e-08
 -1.09428 7.19912e-08
 -1.09213 6.95871e-08
 -1.09 6.71745e-08
 -1.08788 6.47529e-08
 -1.08577 6.2322e-08
 -1.08367 5.98813e-08
 -1.08158 5.74303e-08
 -1.07951 5.49688e-08
 -1.07744 5.24964e-08
 -1.07539 5.0009e-08
 -1.07335 4.74929e-08
 -1.07133 4.49641e-08
 -1.06931 4.27333e-08
 -1.06731 4.17162e-08
 -1.06531 4.03352e-08
 -1.06333 1.82374e-08
 -1.06137 -8.0372e-08
 -1.05941 -1.91356e-07
 -1.05746 6.49693e-07
 -1.05553 5.33717e-06
 -1.05359 1.38827e-05
 -1.05163 -4.26775e-06
 -1.04968 -0.000162023
 -1.04807 -0.000589918
 -1.04769 -0.000790262
 -1.04911 0.00204238
 -1.04767 0.0140388
 -1.02357 0.0371224
 -0.939178 0.0391954
 -0.78454 -0.0971544
 -0.72664 -0.582461
 -1.34205 -1.51648
 -3.67779 -2.28638
 -8.59776 -0.667826
 -14.9292 7.61255
 -16.7674 27.5271
 -1.7312 60.7611
 47.3664 100.305
 146.674 127.43
 304.227 115.625
 518.878 42.8446
