 556.32
 556.016
 552.65
 543.38
 527.55
 505.221
 476.398
 441.389
 401.229
 357.698
 313.152
 270.056
 230.544
 196.053
 167.18
 143.734
 124.978
 109.92
 97.5943
 87.226
 78.2884
 70.4654
 63.5767
 57.5103
 52.1782
 47.4983
 43.3906
 39.7793
 36.5954
 33.7786
 31.2771
 29.047
 27.0512
 25.2585
 23.6424
 22.1806
 20.8539
 19.6462
 18.5433
 17.5334
 16.6061
 15.7524
 14.9645
 14.2358
 13.5602
 12.9326
 12.3486
 11.8039
 11.2952
 10.8193
 10.3733
 9.95476
 9.56146
 9.19138
 8.84271
 8.51385
 8.20333
 7.90986
 7.63226
 7.36949
 7.12064
 6.88491
 6.6616
 6.45016
 6.25015
 6.06126
 5.88333
 5.71633
 5.5604
 5.41586
 5.28317
 5.16297
 5.0561
 4.96361
 4.88677
 4.82694
 4.78493
 4.75989
 4.748
 4.74297
