 100.353
 106.309
 122.367
 145.038
 171.64
 199.448
 225.13
 245.015
 255.114
 252.445
 235.545
 205.655
 167.189
 127.343
 94.1245
 73.1351
 64.8068
 64.0307
 63.2953
 57.8332
 48.8093
 41.1952
 38.0278
 37.1589
 34.6243
 30.164
 27.0589
 26.3708
 25.2474
 22.405
 20.4794
 20.2258
 18.9374
 16.8835
 16.3607
 15.7151
 14.0636
 13.6197
 13.1345
 11.8781
 11.6815
 11.0256
 10.2436
 10.1583
 9.33642
 9.14768
 8.70628
 8.22878
 8.07859
 7.5061
 7.46499
 6.949
 6.88522
 6.42612
 6.32262
 5.96039
 5.87725
 5.54625
 5.44083
 5.14875
 5.09274
 4.83251
 4.71958
 4.53974
 4.42096
 4.28474
 4.11327
 4.05347
 3.89141
 3.77229
 3.70735
 3.55402
 3.46904
 3.39307
 3.2596
 3.19944
 3.10546
 3.0191
 2.94604
 2.86114
 2.80874
 2.71083
 2.66667
 2.58403
 2.5405
 2.4592
 2.41783
 2.34551
 2.31
 2.23897
 2.20578
 2.13918
 2.10743
 2.05217
 2.01188
 1.97372
 1.9204
 1.89606
 1.84338
 1.81164
 1.78137
 1.73215
 1.7111
 1.67665
 1.63367
 1.61559
 1.58452
 1.54339
 1.52404
 1.50237
 1.46411
 1.4365
 1.42208
 1.3974
 1.36337
 1.33914
 1.32548
 1.30705
 1.27908
 1.25164
 1.2331
 1.22047
 1.20569
 1.18515
 1.16122
 1.13914
 1.12173
 1.10838
 1.09661
 1.08415
 1.06992
 1.05404
 1.03725
 1.02041
 1.00416
 0.988803
 0.97442
 0.960911
 0.948104
 0.935921
 0.924346
 0.913397
 0.903496
 0.893749
 0.8847
 0.876567
 0.869514
 0.86347
 0.857987
 0.852205
 0.844939
 0.835442
 0.824011
 0.812379
 0.804631
 0.800542
 0.801511
 0.803827
 0.802136
 0.792486
