 108.402
 114.166
 129.068
 149.619
 173.487
 197.939
 219.856
 235.99
 243.261
 239.373
 223.67
 197.705
 165.243
 131.679
 102.549
 81.6821
 69.7095
 63.9895
 60.2465
 55.3086
 48.882
 42.9193
 39.0286
 36.6825
 34.1866
 31.0323
 28.2734
 26.4833
 24.8331
 22.7738
 21.0079
 19.8593
 18.6094
 17.1932
 16.2268
 15.4099
 14.38
 13.6252
 12.9998
 12.1993
 11.6538
 11.1123
 10.4862
 10.0855
 9.55581
 9.13279
 8.74365
 8.30863
 8.00366
 7.6072
 7.34793
 7.01228
 6.77534
 6.48194
 6.26218
 6.00845
 5.81923
 5.58688
 5.41076
 5.19966
 5.0501
 4.85912
 4.70658
 4.55026
 4.40607
 4.26956
 4.12677
 4.01644
 3.88567
 3.76898
 3.67023
 3.55253
 3.4559
 3.3641
 3.26205
 3.18022
 3.09283
 3.01087
 2.93311
 2.85588
 2.78859
 2.71183
 2.6509
 2.58179
 2.52489
 2.45937
 2.4063
 2.34633
 2.29783
 2.24067
 2.19558
 2.14179
 2.10004
 2.05119
 2.00951
 1.96747
 1.92363
 1.88832
 1.84542
 1.81059
 1.77548
 1.73686
 1.70671
 1.67295
 1.63837
 1.61088
 1.58033
 1.54825
 1.52226
 1.49606
 1.46646
 1.44017
 1.41757
 1.39293
 1.36662
 1.34326
 1.32298
 1.30187
 1.27889
 1.25652
 1.23673
 1.21872
 1.20053
 1.18131
 1.16176
 1.14306
 1.12585
 1.10998
 1.09483
 1.07986
 1.06485
 1.04994
 1.03495
 1.0202
 1.00584
 0.991973
 0.978604
 0.965714
 0.953276
 0.941271
 0.929691
 0.918548
 0.907846
 0.897596
 0.887894
 0.878853
 0.870732
 0.862758
 0.855074
 0.84756
 0.840011
 0.832184
 0.824044
 0.816249
 0.809881
 0.806417
 0.803526
 0.801081
 0.798135
 0.793918
