 1.44806
 5.65513
 12.5038
 22.041
 34.1658
 48.6161
 65.1174
 83.2002
 102.147
 121.107
 138.972
 154.477
 166.253
 172.967
 173.498
 167.146
 153.849
 134.348
 110.273
 84.0593
 58.6867
 37.1977
 22.1082
 14.8104
 15.1276
 21.2144
 29.9351
 37.6836
 41.4516
 39.8238
 33.4722
 24.8825
 17.3159
 13.3807
 13.8338
 17.2796
 20.9639
 22.3218
 20.4333
 16.462
 12.8006
 11.3953
 12.4403
 14.3681
 15.1696
 14.015
 11.801
 10.248
 10.2683
 11.2182
 11.701
 11.0039
 9.74966
 9.06455
 9.29807
 9.72637
 9.5398
 8.81603
 8.29056
 8.33949
 8.53878
 8.354
 7.89109
 7.63881
 7.70147
 7.7125
 7.46736
 7.21032
 7.17199
 7.18848
 7.0489
 6.86205
 6.79845
 6.78446
 6.68123
 6.55112
 6.49714
 6.46355
 6.38012
 6.31072
 6.2844
 6.23769
 6.16742
 6.12028
 6.08923
 6.03968
 5.99261
 5.96345
 5.92815
 5.88813
 5.86016
 5.83268
 5.80072
 5.77591
 5.75334
 5.72804
 5.70725
 5.6885
 5.66906
 5.65621
