 25661.1
 4697.17
 -148877
 88356
 889087
 -3.0895e+06
 5.64462e+06
 -7.03042e+06
 5.00945e+06
 1.99752e+06
 -1.29035e+07
 2.46092e+07
 -3.1986e+07
 3.03008e+07
 -1.92362e+07
 4.69263e+06
 5.88769e+06
 -4.83572e+06
 -9.07031e+06
 3.41763e+07
 -6.46044e+07
 9.77207e+07
 -1.27489e+08
 1.52632e+08
 -1.67107e+08
 1.72891e+08
 -1.67585e+08
 1.59143e+08
 -1.46952e+08
 1.39267e+08
 -1.30781e+08
 1.26802e+08
 -1.18311e+08
 1.1162e+08
 -9.8075e+07
 8.72443e+07
 -7.0811e+07
 6.00362e+07
 -4.51475e+07
 3.77611e+07
 -2.62468e+07
 2.26689e+07
 -1.40812e+07
 1.33798e+07
 -6.72951e+06
 7.94565e+06
 -2.46308e+06
 4.92435e+06
 -104789
 3.36125e+06
 1.12268e+06
 2.62827e+06
 1.72461e+06
 2.32891e+06
 2.00842e+06
 2.23384e+06
 2.14353e+06
 2.22401e+06
 2.21381e+06
 2.24422e+06
 2.25671e+06
 2.27164e+06
 2.28744e+06
 2.29793e+06
 2.31171e+06
 2.32057e+06
 2.33147e+06
 2.33908e+06
 2.34739e+06
 2.35361e+06
 2.3597e+06
 2.36439e+06
 2.36853e+06
 2.37159e+06
 2.37394e+06
 2.37537e+06
 2.37601e+06
 2.37581e+06
 2.3748e+06
 2.37297e+06
 2.37034e+06
 2.36691e+06
 2.36268e+06
 2.35765e+06
 2.35183e+06
 2.34523e+06
 2.33784e+06
 2.32968e+06
 2.32074e+06
 2.31103e+06
 2.30055e+06
 2.28932e+06
 2.27733e+06
 2.26459e+06
 2.25112e+06
 2.23691e+06
 2.22199e+06
 2.20635e+06
 2.19e+06
 2.17296e+06
