 1.52226
 3.58778
 7.07651
 11.9494
 18.1894
 25.7527
 34.5731
 44.599
 55.7015
 67.7483
 80.5348
 93.8061
 107.271
 120.562
 133.271
 144.941
 155.074
 163.172
 168.736
 171.339
 170.594
 166.272
 158.289
 146.779
 132.107
 114.87
 95.886
 76.1698
 56.8374
 39.0402
 23.8571
 12.1559
 4.48979
 1.01565
 1.43832
 5.01821
 10.646
 17.0059
 22.7385
 26.6635
 27.9784
 26.3959
 22.2092
 16.2195
 9.57367
 3.51258
 -0.924178
 -3.12838
 -3.07742
 -1.32552
 1.16456
 3.29443
 4.15732
 3.30883
 0.884282
 -2.4678
 -5.82685
 -8.33851
 -9.53106
 -9.44394
 -8.61805
 -7.84317
 -7.79502
 -8.79069
 -10.6516
 -12.8172
 -14.6345
 -15.6795
 -15.9496
 -15.8345
 -15.8834
 -16.4989
 -17.7281
 -19.2657
 -20.6601
 -21.5944
 -22.0665
 -22.3622
 -22.8461
 -23.7165
 -24.8891
 -26.0824
 -27.0343
 -27.6871
 -28.2079
 -28.84
 -29.7091
 -30.7384
 -31.7322
 -32.5475
 -33.2056
 -33.8507
 -34.6179
 -35.5143
 -36.4228
 -37.2303
 -37.9294
 -38.6106
 -39.362
 -40.183
 -40.9966
 -41.7368
 -42.4148
 -43.0955
 -43.8207
 -44.5665
 -45.2785
 -45.9365
 -46.5716
 -47.222
 -47.8869
 -48.5326
 -49.1377
 -49.7169
 -50.296
 -50.8774
 -51.4401
 -51.9701
 -52.4771
 -52.977
 -53.4688
 -53.9385
 -54.3799
 -54.8017
 -55.2118
 -55.6056
 -55.9747
 -56.3192
 -56.6459
 -56.9561
 -57.2445
 -57.5081
 -57.7503
 -57.9738
 -58.1764
 -58.355
 -58.5109
 -58.6465
 -58.7666
 -58.9366
