 -0.00815239 -0.0221715
 -0.830067 -3.02238
 -1.38094 -4.84307
 -1.76132 -5.86338
 -2.11335 -6.62619
 -2.47699 -7.27631
 -2.86708 -7.855
 -3.29393 -8.38172
 -3.76246 -8.86179
 -4.2747 -9.29212
 -4.83058 -9.66649
 -5.42839 -9.97741
 -6.06465 -10.2171
 -6.73453 -10.3782
 -7.43157 -10.4536
 -8.14783 -10.4371
 -8.87371 -10.3232
 -9.59782 -10.1078
 -10.3072 -9.7878
 -10.9874 -9.36256
 -11.6229 -8.83361
 -12.1973 -8.20491
 -12.694 -7.48394
 -13.0972 -6.68135
 -13.3919 -5.81112
 -13.5654 -4.89052
 -13.6077 -3.93983
 -13.5125 -2.98226
 -13.2779 -2.04276
 -12.9072 -1.14721
 -12.4092 -0.321339
 -11.7981 0.4106
 -11.0937 1.02722
 -10.3208 1.51143
 -9.508 1.85175
 -8.68649 2.04343
 -7.88861 2.08921
 -7.14554 1.99971
 -6.4852 1.79317
 -5.93028 1.49453
 -5.49622 1.13394
 -5.18998 0.744675
 -5.00906 0.360526
 -4.94176 0.0130928
 -4.96785 -0.271084
 -5.06061 -0.47286
 -5.18928 -0.582364
 -5.32225 -0.599898
 -5.43047 -0.535621
 -5.49061 -0.408272
 -5.48761 -0.242695
 -5.41634 -0.0664057
 -5.28179 0.0939936
 -5.09799 0.216467
 -4.88558 0.286555
 -4.66827 0.299233
 -4.46901 0.259191
 -4.30619 0.179594
 -4.19073 0.0793866
 -4.12441 -0.0203713
 -4.1001 -0.100559
 -4.10356 -0.147547
 -4.11668 -0.155596
 -4.12138 -0.127583
 -4.10344 -0.0738743
 -4.05538 -0.00965632
 -3.97771 0.0488349
 -3.87836 0.0881719
 -3.77022 0.100803
 -3.66767 0.086533
 -3.58276 0.052126
 -3.52221 0.00907576
 -3.48588 -0.0297883
 -3.46728 -0.0539381
 -3.45579 -0.058009
 -3.43997 -0.0430387
 -3.41109 -0.0157503
 -3.36563 0.01389
 -3.306 0.036026
 -3.23941 0.044097
 -3.17515 0.0368078
 -3.12126 0.0182294
 -3.08185 -0.00395953
 -3.05582 -0.0214233
 -3.03762 -0.0282582
 -3.01957 -0.0230239
 -2.99491 -0.00900267
 -2.96035 0.00737557
 -2.91712 0.0192842
 -2.8702 0.0222918
 -2.82599 0.0160401
 -2.7895 0.00412725
 -2.76228 -0.00770725
 -2.74193 -0.0142488
 -2.72349 -0.0131175
 -2.70182 -0.00566846
 -2.67404 0.00389647
 -2.64073 0.0107343
 -2.60542 0.0117665
 -2.57259 0.00708725
 -2.54532 -0.000309413
 -2.52381 -0.00628932
 -2.50546 -0.0078437
 -2.48645 -0.00463401
 -2.46395 0.00101781
 -2.43764 0.0056312
 -2.40964 0.00664748
 -2.38316 0.00385564
 -2.36043 -0.000658951
 -2.34145 -0.00395535
 -2.32415 -0.00412357
 -2.30582 -0.00141111
 -2.28493 0.00210007
 -2.26201 0.00399673
 -2.23914 0.0031693
 -2.21842 0.00046602
 -2.20051 -0.0020426
 -2.18424 -0.00261299
 -2.16764 -0.00105085
 -2.14938 0.00126597
 -2.1297 0.00252728
 -2.11013 0.00188549
 -2.0922 2.93228e-05
 -2.07625 -0.00147041
 -2.06122 -0.0014699
 -2.04566 -0.000137229
 -2.02889 0.00128688
 -2.01151 0.00160071
 -1.99481 0.000650198
 -1.97958 -0.000620603
 -1.96548 -0.00107429
 -1.9514 -0.000398323
 -1.93653 0.00067781
 -1.92105 0.0011245
 -1.9059 0.000584285
 -1.89183 -0.000342472
 -1.8787 -0.000737631
 -1.86568 -0.000273079
 -1.85209 0.000510006
 -1.83807 0.000797809
 -1.82439 0.000340282
 -1.81159 -0.000331936
 -1.79946 -0.000506737
 -1.78729 -4.71441e-05
 -1.77466 0.000500162
 -1.76186 0.000534458
 -1.74953 5.73315e-05
 -1.73793 -0.000365642
 -1.72667 -0.00026896
 -1.71519 0.000193537
 -1.70339 0.000460368
 -1.69173 0.000234756
 -1.68066 -0.000183419
 -1.67007 -0.000286142
 -1.65945 2.30003e-05
 -1.64855 0.000335047
 -1.63764 0.000264549
 -1.62715 -7.43258e-05
 -1.61714 -0.00023836
 -1.60721 -3.48516e-05
 -1.59705 0.000245272
 -1.58685 0.000230773
 -1.57698 -3.928e-05
 -1.56753 -0.000189598
 -1.55817 -2.93768e-05
 -1.54864 0.000199444
 -1.53907 0.000176538
 -1.52982 -4.9664e-05
 -1.52091 -0.000149473
 -1.51205 7.44071e-06
 -1.50305 0.000176821
 -1.49408 0.000111908
 -1.48541 -7.72533e-05
 -1.47701 -0.000104799
 -1.46858 5.71075e-05
 -1.46006 0.00015058
 -1.45165 3.78348e-05
 -1.44353 -9.49901e-05
 -1.43556 -4.27923e-05
 -1.42752 9.83059e-05
 -1.41946 9.8933e-05
 -1.41159 -3.24667e-05
 -1.40396 -7.68472e-05
 -1.39635 2.97779e-05
 -1.38868 0.000101273
 -1.38109 2.18971e-05
 -1.37373 -6.61092e-05
 -1.36648 -1.58122e-05
 -1.35918 7.63302e-05
 -1.3519 4.93738e-05
 -1.34481 -4.19623e-05
 -1.33786 -3.52656e-05
 -1.3309 4.93362e-05
 -1.32393 5.5907e-05
 -1.3171 -2.18864e-05
 -1.31042 -3.87119e-05
 -1.30376 3.04211e-05
 -1.29708 5.20947e-05
 -1.29051 -1.05369e-05
 -1.28409 -3.5453e-05
 -1.2777 2.0444e-05
 -1.2713 4.49855e-05
 -1.26499 -6.70514e-06
 -1.25881 -3.03631e-05
 -1.25267 1.71089e-05
 -1.24652 3.74299e-05
 -1.24046 -7.8385e-06
 -1.23452 -2.48209e-05
 -1.22861 1.78423e-05
 -1.2227 2.96509e-05
 -1.21687 -1.15778e-05
 -1.21116 -1.8401e-05
 -1.20546 2.03637e-05
 -1.19977 2.08266e-05
 -1.19417 -1.5711e-05
 -1.18867 -1.029e-05
 -1.18316 2.23305e-05
 -1.17769 1.03651e-05
 -1.17232 -1.77845e-05
 -1.167 -4.86563e-07
 -1.16169 2.11491e-05
 -1.15642 -9.45086e-07
 -1.15125 -1.53336e-05
 -1.14611 9.15275e-06
 -1.14098 1.47877e-05
 -1.13592 -1.01649e-05
 -1.13093 -7.33169e-06
 -1.12596 1.47138e-05
 -1.12102 3.7541e-06
 -1.11615 -1.29516e-05
 -1.11132 3.63485e-06
 -1.10651 1.22445e-05
 -1.10175 -7.15214e-06
 -1.09706 -6.95332e-06
 -1.09239 1.08944e-05
 -1.08774 2.17883e-06
 -1.08316 -1.05541e-05
 -1.07862 3.70118e-06
 -1.07409 8.18008e-06
 -1.06961 -7.69839e-06
 -1.06519 -3.55168e-06
 -1.06078 8.85425e-06
 -1.05641 -2.20941e-06
 -1.0521 -7.58603e-06
 -1.04781 5.7981e-06
 -1.04354 2.5507e-06
 -1.03933 -8.11427e-06
 -1.03516 1.54783e-06
 -1.031 5.11843e-06
 -1.02688 -6.42977e-06
 -1.02281 -2.09427e-06
 -1.01875 5.589e-06
 -1.01473 -4.00658e-06
 -1.01076 -4.42976e-06
 -1.00681 4.74082e-06
 -1.00288 -1.82002e-06
 -0.999002 -5.53272e-06
 -0.995145 3.37316e-06
 -0.991312 -2.71334e-07
 -0.987523 -5.79657e-06
 -0.98376 2.02396e-06
 -0.980017 6.1991e-07
 -0.976316 -5.62606e-06
 -0.972643 9.51898e-07
 -0.968988 9.97436e-07
 -0.965372 -5.30835e-06
 -0.961785 2.27354e-07
 -0.958216 1.0253e-06
 -0.954683 -5.00012e-06
 -0.951179 -1.7271e-07
 -0.947692 8.25704e-07
 -0.94424 -4.75903e-06
 -0.940817 -3.04531e-07
 -0.93741 4.67211e-07
 -0.934037 -4.57783e-06
 -0.930691 -2.32287e-07
 -0.927363 -2.39438e-08
 -0.924067 -4.40802e-06
 -0.920796 -2.61821e-08
 -0.917543 -6.43239e-07
 -0.914322 -4.17545e-06
 -0.911124 2.27857e-07
 -0.907945 -1.3817e-06
 -0.904797 -3.7967e-06
 -0.901669 4.17722e-07
 -0.898562 -2.19561e-06
 -0.895485 -3.20565e-06
 -0.892426 4.06606e-07
 -0.889389 -2.9785e-06
 -0.886381 -2.39521e-06
 -0.883388 6.09e-08
 -0.880421 -3.55219e-06
 -0.877478 -1.46592e-06
 -0.874552 -6.86387e-07
 -0.871652 -3.70234e-06
 -0.868773 -6.52606e-07
 -0.865911 -1.74872e-06
 -0.863077 -3.27849e-06
 -0.86026 -2.80781e-07
 -0.857462 -2.82649e-06
 -0.854691 -2.34147e-06
 -0.851934 -6.12936e-07
 -0.849201 -3.46172e-06
 -0.846489 -1.26932e-06
 -0.843793 -1.61484e-06
 -0.841121 -3.27419e-06
 -0.838468 -6.72889e-07
 -0.835832 -2.79939e-06
 -0.83322 -2.31272e-06
 -0.830623 -1.02626e-06
 -0.828048 -3.39104e-06
 -0.825493 -1.23863e-06
 -0.822953 -2.17298e-06
 -0.820437 -2.90362e-06
 -0.817936 -9.7943e-07
 -0.815454 -3.20069e-06
 -0.812994 -1.75621e-06
 -0.810547 -1.86824e-06
 -0.808123 -3.13056e-06
 -0.805715 -1.14526e-06
 -0.803325 -3.05016e-06
 -0.800956 -2.05143e-06
 -0.7986 -1.8433e-06
 -0.796266 -3.18164e-06
 -0.793948 -1.32755e-06
 -0.791647 -3.0485e-06
 -0.789367 -2.13613e-06
 -0.7871 -2.01553e-06
 -0.784854 -3.14557e-06
 -0.782623 -1.49206e-06
 -0.78041 -3.17283e-06
 -0.778215 -2.06637e-06
 -0.776035 -2.34998e-06
 -0.773875 -3.00847e-06
 -0.771729 -1.71318e-06
 -0.769602 -3.32211e-06
 -0.767492 -1.93285e-06
 -0.765397 -2.81572e-06
 -0.763321 -2.7255e-06
 -0.76126 -2.11568e-06
 -0.759217 -3.32711e-06
 -0.75719 -1.91351e-06
 -0.755179 -3.28062e-06
 -0.753186 -2.35203e-06
 -0.751208 -2.7517e-06
 -0.749248 -3.03397e-06
 -0.747303 -2.25324e-06
 -0.745375 -3.45499e-06
 -0.743464 -2.17917e-06
 -0.741568 -3.39581e-06
 -0.73969 -2.55583e-06
 -0.737827 -3.00231e-06
 -0.735982 -3.11568e-06
 -0.734152 -2.60069e-06
 -0.732339 -3.53775e-06
 -0.730542 -2.45573e-06
 -0.728761 -3.64773e-06
 -0.726997 -2.63861e-06
 -0.725248 -3.47343e-06
 -0.723518 -3.04197e-06
 -0.721802 -3.17571e-06
 -0.720104 -3.48163e-06
 -0.718421 -2.93581e-06
 -0.716755 -3.80188e-06
 -0.715105 -2.87032e-06
 -0.713472 -3.93302e-06
 -0.711856 -3.00288e-06
 -0.710256 -3.89323e-06
 -0.708673 -3.28334e-06
 -0.707106 -3.75518e-06
 -0.705557 -3.6283e-06
 -0.704023 -3.60441e-06
 -0.702507 -3.959e-06
 -0.701007 -3.50848e-06
 -0.699525 -4.22371e-06
 -0.698059 -3.50329e-06
 -0.696611 -4.40323e-06
 -0.69518 -3.59434e-06
 -0.693766 -4.50472e-06
 -0.69237 -3.76608e-06
 -0.69099 -4.55074e-06
 -0.689629 -3.9932e-06
 -0.688284 -4.56865e-06
 -0.686959 -4.24979e-06
 -0.68565 -4.58325e-06
 -0.68436 -4.51492e-06
 -0.683087 -4.61293e-06
 -0.681833 -4.77481e-06
 -0.680597 -4.66889e-06
 -0.67938 -5.02267e-06
 -0.678181 -4.75606e-06
 -0.677002 -5.25719e-06
 -0.67584 -4.87489e-06
 -0.674699 -5.48072e-06
 -0.673576 -5.02316e-06
 -0.672473 -5.69756e-06
 -0.671389 -5.19752e-06
 -0.670326 -5.91265e-06
 -0.669282 -5.39455e-06
 -0.668259 -6.13072e-06
 -0.667255 -5.61142e-06
 -0.666273 -6.35588e-06
 -0.665311 -5.84624e-06
 -0.664371 -6.59134e-06
 -0.663452 -6.09815e-06
 -0.662554 -6.83944e-06
 -0.661679 -6.36734e-06
 -0.660825 -7.10167e-06
 -0.659994 -6.65494e-06
 -0.659185 -7.37879e-06
 -0.6584 -6.96301e-06
 -0.657638 -7.67093e-06
 -0.656899 -7.29432e-06
 -0.656184 -7.97777e-06
 -0.655493 -7.65231e-06
 -0.654828 -8.29875e-06
 -0.654187 -8.04071e-06
 -0.653571 -8.63341e-06
 -0.652981 -8.46326e-06
 -0.652418 -8.98186e-06
 -0.65188 -8.92305e-06
 -0.65137 -9.34548e-06
 -0.650887 -9.42199e-06
 -0.650432 -9.72789e-06
 -0.650005 -9.95993e-06
 -0.649607 -1.01354e-05
 -0.649238 -1.05338e-05
 -0.648899 -1.05778e-05
 -0.64859 -1.11377e-05
 -0.648313 -1.10684e-05
 -0.648066 -1.17632e-05
 -0.647852 -1.16226e-05
 -0.64767 -1.24011e-05
 -0.647522 -1.2256e-05
 -0.647408 -1.3045e-05
 -0.647328 -1.29803e-05
 -0.647283 -1.36949e-05
 -0.647274 -1.37992e-05
 -0.647303 -1.43621e-05
 -0.647368 -1.47039e-05
 -0.647473 -1.50703e-05
 -0.647615 -1.56728e-05
 -0.647799 -1.58564e-05
 -0.648022 -1.66803e-05
 -0.648288 -1.67649e-05
 -0.648596 -1.77011e-05
 -0.648948 -1.78263e-05
 -0.649345 -1.87253e-05
 -0.649787 -1.90465e-05
 -0.650277 -1.97694e-05
 -0.650814 -2.03891e-05
 -0.6514 -2.08656e-05
 -0.652036 -2.17606e-05
 -0.652725 -2.20293e-05
 -0.653465 -2.30858e-05
 -0.65426 -2.34968e-05
 -0.655111 -2.46877e-05
 -0.656018 -2.51914e-05
 -0.656985 -2.59789e-05
 -0.658011 -2.68578e-05
 -0.659099 -2.74132e-05
 -0.660251 -2.8597e-05
 -0.661467 -2.90894e-05
 -0.662751 -3.03586e-05
 -0.664103 -3.10857e-05
 -0.665527 -3.21926e-05
 -0.667023 -3.33401e-05
 -0.668594 -3.42158e-05
 -0.670242 -3.57143e-05
 -0.67197 -3.654e-05
 -0.673781 -3.80465e-05
 -0.675675 -3.90471e-05
 -0.677657 -4.00967e-05
 -0.679727 -4.11079e-05
 -0.681891 -4.14427e-05
 -0.684149 -4.28517e-05
 -0.686504 -4.54617e-05
 -0.688963 -4.70449e-05
 -0.691528 -4.78839e-05
 -0.694203 -4.85417e-05
 -0.69699 -4.97986e-05
 -0.699893 -5.04179e-05
 -0.702917 -5.16182e-05
 -0.706065 -5.26357e-05
 -0.709343 -5.36676e-05
 -0.712755 -5.52633e-05
 -0.716305 -5.62947e-05
 -0.72 -5.79289e-05
 -0.723844 -5.92706e-05
 -0.727844 -6.02318e-05
 -0.732005 -6.10972e-05
 -0.736334 -5.99762e-05
 -0.740837 -5.68773e-05
 -0.74552 -4.8887e-05
 -0.750384 -3.38215e-05
 -0.755428 -1.71394e-05
 -0.760655 -1.58861e-05
 -0.766089 -4.5833e-05
 -0.771787 -2.60888e-05
 -0.777721 1.7161e-07
 -0.783899 4.16126e-05
 -0.790319 0.000110974
 -0.796988 0.000226811
 -0.803862 0.000396086
 -0.810904 0.000685209
 -0.817971 0.00111384
 -0.824836 0.00139541
 -0.831132 0.00199893
 -0.836154 0.00114192
 -0.840553 -0.00288411
 -0.847598 -0.0117597
 -0.864708 -0.0259406
