 0.473504
 1.73021
 3.8939
 6.80453
 10.5851
 15.189
 20.6027
 26.8078
 33.7772
 41.4745
 49.852
 58.849
 68.389
 78.3787
 88.7061
 99.2392
 109.825
 120.292
 130.447
 140.08
 148.968
 156.879
 163.577
 168.833
 172.428
 174.173
 173.91
 171.53
 166.984
 160.289
 151.543
 140.924
 128.698
 115.21
 100.881
 86.1906
 71.6578
 57.8152
 45.1787
 34.2152
 25.3086
 18.7294
 14.6084
 12.9196
 13.4744
 15.9283
 19.8033
 24.5237
 29.4641
 34.006
 37.5976
 39.81
 40.3835
 39.2569
 36.5747
 32.6697
 28.0204
 23.1882
 18.7412
 15.1739
 12.8365
 11.8841
 12.2544
 13.6815
 15.7424
 17.9327
 19.7556
 20.8127
 20.8748
 19.9217
 18.1398
 15.8781
 13.5693
 11.634
 10.3873
 9.97132
 10.3281
 11.2213
 12.3009
 13.1966
 13.6139
 13.4084
 12.6181
 11.4435
 10.183
 9.14085
 8.5359
 8.43987
 8.76274
 9.29044
 9.76136
 9.95596
 9.76853
 9.2367
 8.51905
 7.83011
 7.35766
 7.19395
 7.30679
 7.56065
 7.77773
 7.81302
 7.61174
 7.22562
 6.78264
 6.42531
 6.24611
 6.2496
 6.35725
 6.45096
 6.43252
 6.26948
 6.00549
 5.73186
 5.53683
 5.46007
 5.47615
 5.51396
 5.4995
 5.39692
 5.22503
 5.04127
 4.90484
 4.84167
 4.83232
 4.82811
 4.78397
 4.68604
 4.55715
 4.43839
 4.36045
 4.32447
 4.30445
 4.26773
 4.19814
 4.10536
 4.01519
 3.94929
 3.90992
 3.8805
 3.84009
 3.77961
 3.70736
 3.64048
 3.59051
 3.55491
 3.52077
 3.47655
 3.42137
 3.36433
 3.31565
 3.27775
 3.24422
 3.20646
 3.16155
 3.11407
 3.07098
 3.03492
 3.00237
 2.96772
 2.92885
 2.88861
 2.85141
 2.81868
 2.78787
 2.75554
 2.72091
 2.68626
 2.65413
 2.62466
 2.59576
 2.56565
 2.53468
 2.50464
 2.47657
 2.44984
 2.42227
 2.399
 2.36765
 2.33929
