 2.58095
 3.84492
 5.95976
 8.90621
 12.6847
 17.2855
 22.694
 28.8899
 35.8436
 43.5164
 51.8576
 60.8033
 70.2744
 80.1754
 90.3925
 100.793
 111.223
 121.51
 131.462
 140.87
 149.512
 157.157
 163.574
 168.536
 171.832
 173.277
 172.722
 170.066
 165.268
 158.355
 149.433
 138.689
 126.397
 112.907
 98.6455
 84.0921
 69.7643
 56.1895
 43.8753
 33.2761
 24.7609
 18.5822
 14.8513
 13.5218
 14.3855
 17.0806
 21.1154
 25.9054
 30.8228
 35.2534
 38.6567
 40.6216
 40.9113
 39.491
 36.5329
 32.3953
 27.5785
 22.6583
 18.2077
 14.7166
 12.5206
 11.7518
 12.3201
 13.9298
 16.1313
 18.3997
 20.2284
 21.2206
 21.161
 20.0528
 18.112
 15.7175
 13.3261
 11.3721
 10.1712
 9.85199
 10.3324
 11.3463
 12.5155
 13.4492
 13.8455
 13.5675
 12.6743
 11.3953
 10.0576
 8.98572
 8.40444
 8.37534
 8.78547
 9.39224
 9.90906
 10.1029
 9.87044
 9.26678
 8.47681
 7.74085
 7.26248
 7.13377
 7.30652
 7.62005
 7.87258
 7.90604
 7.66858
 7.22915
 6.73953
 6.36208
 6.19651
 6.23898
 6.39115
 6.51329
 6.49426
 6.30365
 6.00072
 5.69732
 5.49626
 5.43852
 5.48654
 5.55087
 5.54321
 5.42527
 5.22604
 5.0196
 4.87807
 4.8291
 4.84302
 4.85592
 4.81238
 4.69947
 4.55096
 4.42103
 4.34693
 4.32586
 4.32066
 4.2884
 4.21058
 4.10372
 4.00423
 3.94015
 3.91133
 3.89237
 3.85428
 3.78694
 3.70486
 3.63316
 3.58665
 3.55913
 3.53058
 3.48503
 3.42332
 3.36057
 3.3118
 3.27893
 3.25051
 3.21329
 3.16433
 3.11238
 3.06851
 3.03563
 3.00674
 2.97268
 2.93104
 2.88771
 2.85015
 2.81981
 2.79141
 2.75898
 2.72213
 2.68567
 2.65399
 2.62661
 2.59913
 2.56808
 2.53627
 2.50889
 2.48118
 2.4552
 2.45192
 2.42181
 2.39466
 2.3684
