 -0.000140483 -0.00211563
 -0.0693998 -0.994963
 -0.155415 -1.98431
 -0.265886 -2.96746
 -0.410895 -3.94146
 -0.600402 -4.90343
 -0.844646 -5.84963
 -1.15347 -6.77478
 -1.53597 -7.67183
 -2.00012 -8.53179
 -2.55251 -9.3437
 -3.19787 -10.0947
 -3.93865 -10.7701
 -4.77448 -11.3535
 -5.7017 -11.8274
 -6.71282 -12.1733
 -7.79605 -12.3724
 -8.9349 -12.4067
 -10.108 -12.26
 -11.2888 -11.9184
 -12.4464 -11.3726
 -13.5451 -10.6185
 -14.5463 -9.65894
 -15.4093 -8.5049
 -16.0931 -7.17658
 -16.5589 -5.70411
 -16.7722 -4.12773
 -16.7061 -2.49735
 -16.3439 -0.871236
 -15.6818 0.686069
 -14.7316 2.10688
 -13.5221 3.32428
 -12.0998 4.27682
 -10.5278 4.9136
 -8.88414 5.19947
 -7.25721 5.11976
 -5.74036 4.68398
 -4.42477 3.92793
 -3.39139 2.91362
 -2.70272 1.72654
 -2.39515 0.470158
 -2.47295 -0.742298
 -2.90506 -1.79828
 -3.62527 -2.59768
 -4.53666 -3.06465
 -5.52028 -3.15788
 -6.44758 -2.87788
 -7.19553 -2.26949
 -7.66255 -1.41883
 -7.78314 -0.444177
 -7.5387 0.518716
 -6.96243 1.33518
 -6.13663 1.8917
 -5.18196 2.11428
 -4.23961 1.98175
 -3.44856 1.53109
 -2.92167 0.852904
 -2.72485 0.0768612
 -2.86375 -0.651126
 -3.28133 -1.19622
 -3.86776 -1.46134
 -4.48173 -1.40742
 -4.97955 -1.06245
 -5.24605 -0.516194
 -5.22045 0.0991976
 -4.9106 0.639186
 -4.39143 0.980921
 -3.78683 1.05315
 -3.23859 0.854043
 -2.86985 0.451436
 -2.75254 -0.0354267
 -2.88819 -0.468738
 -3.2081 -0.730831
 -3.59386 -0.757749
 -3.91295 -0.557386
 -4.05902 -0.205984
 -3.98445 0.176736
 -3.7144 0.466561
 -3.33696 0.575439
 -2.97223 0.480112
 -2.73029 0.228459
 -2.67281 -0.0792433
 -2.79222 -0.327897
 -3.01666 -0.43041
 -3.23906 -0.359591
 -3.35965 -0.15659
 -3.32494 0.0877804
 -3.1476 0.271498
 -2.89856 0.323793
 -2.6748 0.233648
 -2.55655 0.0519977
 -2.57275 -0.133376
 -2.69045 -0.238882
 -2.83277 -0.223178
 -2.917 -0.104415
 -2.89422 0.0514151
 -2.77139 0.165036
 -2.60486 0.1839
 -2.46917 0.107278
 -2.41764 -0.0162896
 -2.45555 -0.117323
 -2.54019 -0.143823
 -2.60701 -0.0885489
 -2.60684 0.00974108
 -2.53265 0.0911167
 -2.42091 0.11034
 -2.32728 0.0623939
 -2.29218 -0.0172437
 -2.31727 -0.0769104
 -2.36716 -0.0817789
 -2.39426 -0.0345158
 -2.37003 0.0291498
 -2.30212 0.0660664
 -2.22655 0.0546945
 -2.1814 0.00789932
 -2.18068 -0.0384967
 -2.2065 -0.05234
 -2.22424 -0.0274778
 -2.20866 0.0139621
 -2.16139 0.0399735
 -2.10754 0.0330947
 -2.07484 0.00224194
 -2.07239 -0.0263385
 -2.08522 -0.030827
 -2.08817 -0.0105177
 -2.06674 0.0155124
 -2.02784 0.0255716
 -1.99216 0.0133269
 -1.9757 -0.00837193
 -1.9768 -0.0201022
 -1.97918 -0.0130567
 -1.96745 0.00436197
 -1.94051 0.0155802
 -1.91109 0.0113829
 -1.89293 -0.00251865
 -1.88814 -0.012197
 -1.88641 -0.00922131
 -1.87592 0.00200614
 -1.85477 0.00975556
 -1.83169 0.0070122
 -1.81648 -0.00218981
 -1.81019 -0.00792091
 -1.80502 -0.00490415
 -1.79315 0.00265371
 -1.77477 0.00640402
 -1.75695 0.00296243
 -1.74551 -0.00309385
 -1.73894 -0.0049761
 -1.73086 -0.00122475
 -1.71751 0.00331159
 -1.70158 0.00353112
 -1.68844 -0.00021752
 -1.67983 -0.00316307
 -1.67226 -0.00206058
 -1.66167 0.00125487
 -1.6482 0.00260948
 -1.63554 0.000683142
 -1.62608 -0.00176507
 -1.61822 -0.00171239
 -1.60877 0.000419942
 -1.5971 0.00170958
 -1.58556 0.000673934
 -1.5762 -0.00104881
 -1.56816 -0.00117069
 -1.55917 0.000231015
 -1.54865 0.00111544
 -1.53825 0.000400171
 -1.52939 -0.000731856
 -1.52138 -0.000705733
 -1.51263 0.000270659
 -1.50293 0.000723927
 -1.49355 0.000108572
 -1.48528 -0.000558778
 -1.47738 -0.000333496
 -1.46884 0.000329488
 -1.45985 0.000414846
 -1.45136 -0.000112289
 -1.4436 -0.000389358
 -1.43582 -4.72622e-05
 -1.42755 0.000310158
 -1.41926 0.000144881
 -1.41151 -0.000211719
 -1.4041 -0.000185619
 -1.39645 0.000122939
 -1.38859 0.000190227
 -1.38099 -5.10952e-05
 -1.37378 -0.000170714
 -1.36657 2.716e-06
 -1.35916 0.000143574
 -1.35183 2.86211e-05
 -1.34481 -0.000113107
 -1.33791 -4.35715e-05
 -1.3309 8.74743e-05
 -1.32389 5.03256e-05
 -1.31709 -6.49193e-05
 -1.31045 -4.91411e-05
 -1.30376 4.91433e-05
 -1.29706 4.61912e-05
 -1.29051 -3.62329e-05
 -1.28411 -4.00301e-05
 -1.2777 2.85412e-05
 -1.27129 3.49454e-05
 -1.265 -2.2046e-05
 -1.25882 -2.84725e-05
 -1.25267 1.8972e-05
 -1.24652 2.38592e-05
 -1.24047 -1.57602e-05
 -1.23452 -1.83323e-05
 -1.2286 1.47381e-05
 -1.2227 1.46706e-05
 -1.21689 -1.28095e-05
 -1.21115 -1.0161e-05
 -1.20545 1.23502e-05
 -1.19978 7.37338e-06
 -1.19418 -1.06228e-05
 -1.18866 -3.78485e-06
 -1.18316 9.98609e-06
 -1.1777 1.84151e-06
 -1.17232 -7.99267e-06
 -1.16699 7.79567e-07
 -1.16168 6.96103e-06
 -1.15644 -1.75869e-06
 -1.15125 -4.70022e-06
 -1.1461 3.27096e-06
 -1.14099 3.47857e-06
 -1.13593 -3.17209e-06
 -1.13092 -1.32052e-06
 -1.12595 3.5664e-06
 -1.12103 4.02073e-07
 -1.11615 -2.53708e-06
 -1.11131 1.12331e-06
 -1.10652 2.16471e-06
 -1.10176 -1.26299e-06
 -1.09705 -7.49711e-07
 -1.09238 1.84991e-06
 -1.08775 3.02367e-07
 -1.08316 -1.1579e-06
 -1.07861 7.74155e-07
 -1.07409 1.05744e-06
 -1.06962 -6.75446e-07
 -1.06518 -5.33749e-08
 -1.06078 1.04428e-06
 -1.05642 -5.02337e-08
 -1.0521 -3.6987e-07
 -1.04781 6.97266e-07
 -1.04355 3.49102e-07
 -1.03933 -3.32398e-07
 -1.03515 3.49018e-07
 -1.031 4.88274e-07
 -1.02688 -1.63723e-07
 -1.0228 1.26576e-07
 -1.01875 4.66548e-07
 -1.01474 -2.0324e-09
 -1.01076 2.66891e-08
 -1.00681 3.83732e-07
 -1.00289 1.04398e-07
 -0.998999 3.36868e-09
 -0.995143 2.98065e-07
 -0.991317 1.57066e-07
 -0.987522 1.45626e-08
 -0.983757 2.31528e-07
 -0.980021 1.73368e-07
 -0.976316 3.48687e-08
 -0.972639 1.86353e-07
 -0.968991 1.69887e-07
 -0.965372 5.29007e-08
 -0.961782 1.57571e-07
 -0.958219 1.57632e-07
 -0.954683 6.53916e-08
 -0.951176 1.39339e-07
 -0.947695 1.42567e-07
 -0.944241 7.2663e-08
 -0.940814 1.27121e-07
 -0.937413 1.27416e-07
 -0.934038 7.61169e-08
 -0.930689 1.17928e-07
 -0.927365 1.13216e-07
 -0.924067 7.71379e-08
 -0.920794 1.09943e-07
 -0.917545 1.00291e-07
 -0.914322 7.673e-08
 -0.911122 1.02114e-07
 -0.907947 8.87402e-08
 -0.904796 7.54596e-08
 -0.901668 9.38805e-08
 -0.898564 7.86435e-08
 -0.895483 7.3505e-08
 -0.892426 8.50406e-08
 -0.889391 7.00737e-08
 -0.886379 7.07499e-08
 -0.883389 7.56969e-08
 -0.880422 6.30193e-08
 -0.877477 6.69187e-08
 -0.874553 6.62148e-08
 -0.871652 5.72725e-08
 -0.868772 6.17562e-08
 -0.865913 5.71239e-08
 -0.863076 5.236e-08
 -0.860259 5.52233e-08
 -0.857464 4.89311e-08
 -0.854689 4.75895e-08
 -0.851935 4.76301e-08
 -0.849201 4.18798e-08
 -0.846488 4.22517e-08
 -0.843794 3.96063e-08
 -0.841121 3.57716e-08
 -0.838467 3.59179e-08
 -0.835833 3.18571e-08
 -0.833219 2.99976e-08
 -0.830624 2.86631e-08
 -0.828048 2.47956e-08
 -0.825492 2.38434e-08
 -0.822954 2.1012e-08
 -0.820436 1.82929e-08
 -0.817936 1.69191e-08
 -0.815455 1.35605e-08
 -0.812992 1.17915e-08
 -0.810548 9.38802e-09
 -0.808123 6.51335e-09
 -0.805715 4.76521e-09
 -0.803326 1.74511e-09
 -0.800955 -4.4928e-10
 -0.798601 -2.8524e-09
 -0.796266 -5.70291e-09
 -0.793948 -7.8062e-09
 -0.791648 -1.07116e-08
 -0.789366 -1.31328e-08
 -0.787101 -1.56952e-08
 -0.784853 -1.85334e-08
 -0.782623 -2.0935e-08
 -0.78041 -2.38613e-08
 -0.778214 -2.64528e-08
 -0.776036 -2.9224e-08
 -0.773874 -3.21028e-08
 -0.77173 -3.47794e-08
 -0.769602 -3.77939e-08
 -0.767492 -4.057e-08
 -0.765398 -4.35621e-08
 -0.763321 -4.65397e-08
 -0.76126 -4.94939e-08
 -0.759217 -5.2633e-08
 -0.75719 -5.56389e-08
 -0.755179 -5.88501e-08
 -0.753186 -6.19929e-08
 -0.751208 -6.52316e-08
 -0.749247 -6.85322e-08
 -0.747303 -7.18191e-08
 -0.745375 -7.52481e-08
 -0.743464 -7.86328e-08
 -0.741569 -8.21549e-08
 -0.73969 -8.56754e-08
 -0.737828 -8.92792e-08
 -0.735982 -9.29463e-08
 -0.734152 -9.66459e-08
 -0.732339 -1.00452e-07
 -0.730542 -1.04273e-07
 -0.728761 -1.08208e-07
 -0.726997 -1.12173e-07
 -0.725249 -1.16235e-07
 -0.723517 -1.20357e-07
 -0.721802 -1.24554e-07
 -0.720103 -1.2884e-07
 -0.718421 -1.33187e-07
 -0.716755 -1.37638e-07
 -0.715106 -1.42151e-07
 -0.713473 -1.46774e-07
 -0.711856 -1.51468e-07
 -0.710256 -1.5627e-07
 -0.708673 -1.61158e-07
 -0.707106 -1.66151e-07
 -0.705556 -1.71245e-07
 -0.704023 -1.76442e-07
 -0.702507 -1.81754e-07
 -0.701008 -1.87171e-07
 -0.699525 -1.92713e-07
 -0.69806 -1.98366e-07
 -0.696611 -2.04152e-07
 -0.69518 -2.10058e-07
 -0.693766 -2.16103e-07
 -0.692369 -2.2228e-07
 -0.69099 -2.28603e-07
 -0.689629 -2.35069e-07
 -0.688285 -2.41688e-07
 -0.686958 -2.48462e-07
 -0.68565 -2.55398e-07
 -0.684359 -2.62502e-07
 -0.683087 -2.69777e-07
 -0.681833 -2.77233e-07
 -0.680597 -2.84872e-07
 -0.67938 -2.92704e-07
 -0.678181 -3.00732e-07
 -0.677001 -3.08966e-07
 -0.67584 -3.17411e-07
 -0.674699 -3.26077e-07
 -0.673576 -3.34968e-07
 -0.672473 -3.44096e-07
 -0.671389 -3.53465e-07
 -0.670326 -3.63088e-07
 -0.669282 -3.7297e-07
 -0.668258 -3.83124e-07
 -0.667255 -3.93557e-07
 -0.666273 -4.0428e-07
 -0.665311 -4.15303e-07
 -0.664371 -4.26638e-07
 -0.663452 -4.38295e-07
 -0.662554 -4.50287e-07
 -0.661679 -4.62625e-07
 -0.660825 -4.75323e-07
 -0.659994 -4.88393e-07
 -0.659185 -5.0185e-07
 -0.6584 -5.15708e-07
 -0.657638 -5.29982e-07
 -0.656899 -5.44688e-07
 -0.656184 -5.59842e-07
 -0.655494 -5.75461e-07
 -0.654828 -5.91564e-07
 -0.654187 -6.08168e-07
 -0.653571 -6.25293e-07
 -0.652981 -6.42961e-07
 -0.652417 -6.61191e-07
 -0.65188 -6.80006e-07
 -0.65137 -6.99431e-07
 -0.650887 -7.19488e-07
 -0.650432 -7.40204e-07
 -0.650005 -7.61605e-07
 -0.649607 -7.8372e-07
 -0.649238 -8.06579e-07
 -0.648899 -8.30211e-07
 -0.64859 -8.54649e-07
 -0.648313 -8.79928e-07
 -0.648066 -9.06083e-07
 -0.647852 -9.33152e-07
 -0.64767 -9.61174e-07
 -0.647522 -9.90191e-07
 -0.647408 -1.02025e-06
 -0.647328 -1.05139e-06
 -0.647283 -1.08366e-06
 -0.647275 -1.11711e-06
 -0.647303 -1.15181e-06
 -0.647368 -1.1878e-06
 -0.647472 -1.22514e-06
 -0.647615 -1.2639e-06
 -0.647798 -1.30414e-06
 -0.648022 -1.34593e-06
 -0.648288 -1.38935e-06
 -0.648596 -1.43448e-06
 -0.648948 -1.48139e-06
 -0.649345 -1.53018e-06
 -0.649787 -1.58094e-06
 -0.650277 -1.63376e-06
 -0.650814 -1.68875e-06
 -0.6514 -1.74602e-06
 -0.652037 -1.80569e-06
 -0.652725 -1.86787e-06
 -0.653466 -1.9327e-06
 -0.654261 -2.00032e-06
 -0.655111 -2.07087e-06
 -0.656019 -2.14451e-06
 -0.656985 -2.22141e-06
 -0.658012 -2.30174e-06
 -0.6591 -2.38569e-06
 -0.660251 -2.47347e-06
 -0.661468 -2.56527e-06
 -0.662752 -2.66134e-06
 -0.664104 -2.76191e-06
 -0.665527 -2.86724e-06
 -0.667024 -2.97761e-06
 -0.668595 -3.09331e-06
 -0.670243 -3.21465e-06
 -0.671971 -3.34198e-06
 -0.673781 -3.47565e-06
 -0.675675 -3.61605e-06
 -0.677657 -3.7636e-06
 -0.679728 -3.91873e-06
 -0.681892 -4.08193e-06
 -0.684151 -4.2537e-06
 -0.68651 -4.43461e-06
 -0.68897 -4.62524e-06
 -0.691535 -4.82623e-06
 -0.69421 -5.03826e-06
 -0.696997 -5.2621e-06
 -0.6999 -5.49853e-06
 -0.702924 -5.74842e-06
 -0.706073 -6.01272e-06
 -0.709351 -6.29244e-06
 -0.712763 -6.58868e-06
 -0.716314 -6.90264e-06
 -0.720009 -7.23561e-06
 -0.723853 -7.58901e-06
 -0.727852 -7.96438e-06
 -0.732013 -8.36341e-06
 -0.73634 -8.78787e-06
 -0.740842 -9.23927e-06
 -0.745524 -9.72035e-06
 -0.750395 -1.02425e-05
 -0.755461 -1.08143e-05
 -0.760732 -1.13119e-05
 -0.766215 -1.14783e-05
 -0.771918 -1.30994e-05
 -0.777857 -2.46993e-05
 -0.784086 -3.68792e-05
 -0.790664 0.000129763
 -0.797115 0.000987184
 -0.801009 0.00210798
 -0.798855 -0.00361653
 -0.800506 -0.0370435
 -0.864334 -0.114516
 -1.11264 -0.16303
 -1.62221 0.105643
 -2.16839 1.1743
 -2.08323 3.42507
 -0.612694 6.86178
