 31.3399
 32.6148
 36.3216
 42.3115
 50.3648
 60.2757
 71.8095
 84.7147
 98.6789
 113.271
 127.97
 142.15
 155.081
 165.944
 173.909
 178.151
 177.95
 172.789
 162.507
 147.363
 128.128
 106.124
 83.1628
 61.3412
 42.7916
 29.326
 22.0483
 21.0435
 25.2214
 32.4427
 39.923
 44.8929
 45.4044
 40.9345
 32.6405
 23.0435
 15.1681
 11.3847
 12.3945
 16.8567
 21.925
 24.5614
 23.0745
 18.0599
 12.1314
 8.4428
 8.76774
 12.306
 16.1393
 17.1877
 14.4351
 9.7638
 6.5758
 7.06876
 10.3341
 13.0535
 12.4344
 8.84952
 5.56536
 5.54147
 8.35591
 10.5769
 9.47546
 6.13364
 4.25128
 5.74797
 8.36624
 8.47402
 5.77387
 3.73638
 4.88063
 7.22503
 7.10677
 4.56632
 3.30733
 4.99687
 6.62768
 5.35844
 3.19561
 3.61373
 5.58576
 5.39214
 3.28248
 3.00453
 4.81584
 5.01393
 3.11055
 2.76879
 4.43794
 4.46592
 2.70481
 2.78455
 4.29323
 3.72591
 2.28247
 3.10006
 4.06122
 2.78823
 2.24294
 3.55949
 3.32785
 2.05767
 2.83656
 3.47966
 2.22043
 2.2877
 3.3292
 2.41591
 1.97648
 3.07258
 2.50905
 1.82645
 2.83993
 2.48286
 1.75589
 2.67921
 2.36145
 1.72784
 2.58475
 2.16893
 1.74649
 2.5135
 1.93242
 1.83534
 2.39744
 1.71004
 1.99306
 2.1688
 1.60313
 2.13681
 1.83538
 1.70211
 2.10289
 1.56282
 1.93772
 1.80621
 1.58858
 2.00043
 1.48398
 1.8647
 1.68346
 1.55135
 1.89468
 1.38724
 1.8601
 1.4912
 1.61642
 1.70211
 1.38737
 1.80267
 1.32864
 1.72625
 1.41875
 1.5579
 1.54213
 1.41161
 1.6093
 1.34149
 1.60216
 1.33674
 1.55001
 1.35947
 1.4908
 1.37805
 1.44774
 1.37871
 1.42624
 1.36222
 1.42131
 1.33449
 1.42412
 1.30282
 1.43067
 1.2727
 1.43761
 1.2452
 1.44134
 1.2229
 1.43968
 1.20696
 1.43245
 1.20383
 1.41633
 1.21302
 1.38591
 1.23748
 1.34259
 1.27551
 1.29572
 1.33205
 1.23827
 1.35471
 1.26156
 1.34065
 1.27485
 1.46649
 1.52187
 1.60906
 2.11551
 1.22677
