 6.40825
 14.0449
 23.4615
 38.2411
 56.4346
 77.5806
 100.462
 123.478
 144.509
 161.06
 170.532
 170.692
 160.276
 139.607
 111.036
 78.9101
 48.8897
 26.5531
 15.6038
 16.3158
 25.0427
 35.3878
 40.9089
 38.2474
 28.9195
 18.3671
 12.4177
 13.2831
 18.072
 21.2856
 19.5302
 14.3533
 10.3935
 10.5107
 12.959
 13.7673
 11.5565
 8.89577
 8.55356
 9.80477
 9.90654
 8.32189
 7.18226
 7.56134
 7.92005
 7.10466
 6.25923
 6.37441
 6.49806
 5.90396
 5.45557
 5.55461
 5.41164
 4.9615
 4.84243
 4.82545
 4.5301
 4.33826
 4.30781
 4.11105
 3.93515
 3.88096
 3.72757
 3.58906
 3.52245
 3.38994
 3.28676
 3.21187
 3.09781
 3.02018
 2.93814
 2.84718
 2.78043
 2.69872
 2.62987
 2.56379
 2.49741
 2.447
 2.4088
 2.36395
