 17.2609
 24.4108
 34.891
 48.3867
 64.0554
 81.4191
 99.3652
 116.606
 131.716
 143.195
 149.637
 149.964
 143.687
 131.13
 113.539
 93.0056
 72.1623
 53.6684
 39.5839
 30.83
 26.9515
 26.3323
 26.8461
 26.7052
 25.1241
 22.4539
 19.7076
 17.7747
 16.837
 16.3782
 15.7241
 14.6282
 13.3892
 12.4452
 11.8984
 11.4688
 10.8754
 10.158
 9.55871
 9.16668
 8.82325
 8.38475
 7.92172
 7.5673
 7.29503
 6.99
 6.65423
 6.37534
 6.15011
 5.90785
 5.65677
 5.44758
 5.25929
 5.05749
 4.86943
 4.70788
 4.54381
 4.38207
 4.24051
 4.10205
 3.96429
 3.84094
 3.72105
 3.60306
 3.49585
 3.39063
 3.28905
 3.1953
 3.10239
 3.01483
 2.93188
 2.85052
 2.77523
 2.70252
 2.63487
 2.57417
 2.51947
 2.47461
 2.43762
 2.41121
