 2.10532
 3.00786
 5.2054
 8.2791
 12.1554
 16.8325
 22.3077
 28.5653
 35.5782
 43.3081
 51.705
 60.7055
 70.2307
 80.1847
 90.4529
 100.901
 111.375
 121.7
 131.682
 141.113
 149.769
 157.42
 163.833
 168.783
 172.06
 173.477
 172.888
 170.193
 165.353
 158.397
 149.432
 138.648
 126.318
 112.797
 98.5089
 83.9343
 69.5898
 56.0012
 43.6739
 33.0598
 24.5251
 18.3198
 14.5533
 13.1789
 13.9888
 16.6239
 20.5966
 25.3279
 30.1968
 34.596
 37.9915
 39.9772
 40.3188
 38.9803
 36.1291
 32.1148
 27.4254
 22.6227
 18.266
 14.8333
 12.6526
 11.8543
 12.3533
 13.8655
 15.958
 18.1254
 19.8801
 20.84
 20.7969
 19.752
 17.9093
 15.6279
 13.3417
 11.463
 10.292
 9.95215
 10.368
 11.2908
 12.3664
 13.2288
 13.5952
 13.3368
 12.5065
 11.3153
 10.0645
 9.05333
 8.48973
 8.43209
 8.77899
 9.31039
 9.76581
 9.93311
 9.71742
 9.16664
 8.4455
 7.76853
 7.3178
 7.17664
 7.30439
 7.56074
 7.76852
 7.78805
 7.57209
 7.17875
 6.73862
 6.39211
 6.22625
 6.23951
 6.34951
 6.43812
 6.41069
 6.23984
 5.97323
 5.70313
 5.51548
 5.44591
 5.46543
 5.50176
 5.48253
 5.37517
 5.2014
 5.01961
 4.88759
 4.82859
 4.8209
 4.81537
 4.76832
 4.66812
 4.53916
 4.42249
 4.34734
 4.31312
 4.29297
 4.25475
 4.1837
 4.0907
 4.00172
 3.93755
 3.89929
 3.86981
 3.82855
 3.76734
 3.6952
 3.62922
 3.58031
 3.5452
 3.51084
 3.46613
 3.41078
 3.35415
 3.30617
 3.26878
 3.2353
 3.1973
 3.15226
 3.10501
 3.06238
 3.02669
 2.99424
 2.95951
 2.9206
 2.88055
 2.84366
 2.81118
 2.78045
 2.7481
 2.71351
 2.67904
 2.64715
 2.61785
 2.58904
 2.55905
 2.52842
 2.49913
 2.4725
 2.44836
 2.42625
 2.40709
 2.39326
 2.38697
