 1.36666
 5.44702
 12.1329
 21.4223
 33.1743
 47.1925
 63.145
 80.5074
 98.6746
 116.752
 133.743
 148.303
 159.143
 164.98
 164.862
 158.068
 144.63
 125.402
 101.9
 76.4193
 51.9717
 31.6688
 17.7807
 11.5228
 12.7369
 19.359
 28.3567
 36.1679
 39.7921
 37.9625
 31.4278
 22.7414
 15.1993
 11.363
 11.949
 15.5104
 19.1444
 20.5305
 18.6401
 14.6795
 11.0669
 9.72399
 10.8205
 12.7699
 13.5778
 12.2997
 10.0861
 8.5393
 8.56866
 9.51157
 9.97165
 9.18139
 7.89531
 7.17927
 7.38847
 7.78954
 7.56068
 6.79826
 6.22849
 6.22563
 6.35678
 6.10038
 5.5721
 5.25888
 5.25094
 5.18951
 4.87393
 4.54829
 4.4331
 4.37527
 4.1646
 3.90593
 3.7673
 3.67745
 3.50716
 3.31534
 3.20535
 3.10825
 2.96118
 2.8237
 2.73494
 2.63467
 2.51457
 2.41977
 2.34504
 2.25604
 2.17175
 2.10634
 2.0376
 1.96748
 1.91314
 1.8658
 1.81048
 1.76167
 1.71222
 1.65792
 1.61433
 1.57838
 1.55107
 1.53181
