 9.24723
 10.8835
 12.6231
 15.449
 19.1269
 23.6362
 28.9428
 35.0156
 41.8177
 49.3039
 57.4179
 66.0907
 75.2381
 84.7595
 94.5362
 104.431
 114.289
 123.935
 133.18
 141.818
 149.637
 156.415
 161.937
 165.995
 168.398
 168.988
 167.642
 164.288
 158.916
 151.582
 142.416
 131.629
 119.508
 106.411
 92.7586
 79.0174
 65.6775
 53.2274
 42.1249
 32.7662
 25.4558
 20.3802
 17.5878
 16.9775
 18.2991
 21.1672
 25.0871
 29.4947
 33.8047
 37.4656
 40.0144
 41.125
 40.645
 38.6136
 35.2584
 30.9672
 26.2395
 21.6201
 17.6245
 14.6658
 12.995
 12.6638
 13.5181
 15.2251
 17.3303
 19.3375
 20.7962
 21.3831
 20.9598
 19.5952
 17.5465
 15.2013
 12.9923
 11.3021
 10.3794
 10.2867
 10.8913
 11.9041
 12.9562
 13.6949
 13.8744
 13.4168
 12.426
 11.1509
 9.90763
 8.98394
 8.55451
 8.63304
 9.07589
 9.63591
 10.0483
 10.1194
 9.78894
 9.14324
 8.37631
 7.71328
 7.32518
 7.26747
 7.46575
 7.75318
 7.94303
 7.90598
 7.61978
 7.17135
 6.71181
 6.3858
 6.26732
 6.33099
 6.47083
 6.55599
 6.49535
 6.27902
 5.97692
 5.69718
 5.52755
 5.49134
 5.54033
 5.58649
 5.55327
 5.41708
 5.21613
 5.02329
 4.90071
 4.86387
 4.87624
 4.87621
 4.81745
 4.69662
 4.55137
 4.43217
 4.36809
 4.34951
 4.33828
 4.29638
 4.2122
 4.10611
 4.0129
 3.95516
 3.92787
 3.90489
 3.86078
 3.79008
 3.70932
 3.6418
 3.59849
 3.57058
 3.53867
 3.48975
 3.42729
 3.36654
 3.3203
 3.28808
 3.25795
 3.21836
 3.16843
 3.11743
 3.07517
 3.04284
 3.01297
 2.97739
 2.9351
 2.89239
 2.85583
 2.8258
 2.79676
 2.76361
 2.72685
 2.69146
 2.6612
 2.63492
 2.60857
 2.58011
 2.55167
 2.52704
 2.50761
 2.49154
 2.47661
 2.46323
 2.45401
 2.45072
