 -0.514579
 3.19117
 13.2234
 27.8666
 45.7507
 65.7969
 87.0033
 108.162
 127.93
 144.951
 157.848
 165.402
 166.673
 161.24
 149.467
 132.526
 112.349
 91.4925
 72.6317
 57.9883
 48.8118
 44.9549
 44.9148
 46.3578
 46.9914
 45.4615
 41.8499
 37.4275
 33.773
 31.7543
 31.0224
 30.4148
 28.9911
 26.8004
 24.7314
 23.547
 23.0937
 22.4924
 21.1935
 19.6279
 18.6115
 18.2463
 17.816
 16.8317
 15.7692
 15.2634
 15.0561
 14.4795
 13.6621
 13.2458
 13.1153
 12.6456
 12.0038
 11.7581
 11.6125
 11.1145
 10.7049
 10.6129
 10.3128
 9.88566
 9.76101
 9.57109
 9.19075
 9.04716
 8.89969
 8.57603
 8.44132
 8.30021
 8.02938
 7.92227
 7.77194
 7.55109
 7.474
 7.30708
 7.14395
 7.08006
 6.89485
 6.80813
 6.70596
 6.55114
 6.50973
 6.34866
 6.2969
 6.18266
 6.09243
 6.02539
 5.90954
 5.86298
 5.74668
 5.70336
 5.59941
 5.55185
 5.46229
 5.41034
 5.33321
 5.27754
 5.21148
 5.15224
 5.09682
 5.03404
 4.98809
 4.92411
 4.88315
 4.82388
 4.78
 4.73339
 4.67994
 4.64797
 4.58859
 4.56018
 4.51061
 4.46948
 4.43927
 4.38765
 4.36127
 4.32184
 4.28035
 4.25643
 4.21512
 4.18188
 4.15786
 4.11841
 4.08852
 4.0662
 4.03309
 4.00528
 3.9849
 3.95192
 3.92196
 3.90393
 3.87693
 3.84517
 3.82607
 3.80675
 3.77686
 3.75274
 3.7377
 3.71845
 3.70449
 3.68572
 3.67137
 3.65176
 3.62611
 3.6046
 3.59038
 3.57386
 3.55132
 3.52324
 3.5169
 3.59682
 3.57855
 3.55597
 3.52879
 3.48938
 3.546
 4.20925
 4.26757
 6.13349
 8.56202
 4.15943
