 92.5782
 98.4453
 114.934
 139.022
 167.813
 198.543
 227.841
 251.522
 264.953
 264.047
 246.282
 212.423
 167.862
 121.887
 85.0947
 64.799
 60.8391
 65.2505
 67.0494
 60.2065
 48.0409
 39.0858
 37.6503
 38.9459
 35.803
 28.927
 25.4875
 26.7753
 25.9962
 21.3974
 19.485
 20.7447
 18.9712
 16.0578
 16.6242
 16.1486
 13.6171
 13.8374
 13.4443
 11.5213
 11.9554
 11.0752
 10.0101
 10.4662
 9.14925
 9.20765
 8.75282
 8.04733
 8.19788
 7.27426
 7.53464
 6.80771
 6.9217
 6.33927
 6.33212
 5.90328
 5.93033
 5.52058
 5.48759
 5.10692
 5.15995
 4.81429
 4.73287
 4.53909
 4.42507
 4.29638
 4.08083
 4.08379
 3.87837
 3.75156
 3.73428
 3.53076
 3.46542
 3.41228
 3.24123
 3.21234
 3.11079
 3.02395
 2.95497
 2.86169
 2.83346
 2.70311
 2.68681
 2.58298
 2.56229
 2.45518
 2.43414
 2.34267
 2.32973
 2.23577
 2.22373
 2.1348
 2.12292
 2.05396
 2.02002
 1.98454
 1.91873
 1.91041
 1.84244
 1.81607
 1.79156
 1.72812
 1.7182
 1.68336
 1.62881
 1.62174
 1.5912
 1.53798
 1.52617
 1.5114
 1.46181
 1.43145
 1.42846
 1.40444
 1.35946
 1.3337
 1.33018
 1.31613
 1.28103
 1.24585
 1.22879
 1.22399
 1.21411
 1.1908
 1.15996
 1.13252
 1.11462
 1.10506
 1.09857
 1.09015
 1.07741
 1.06059
 1.04137
 1.02153
 1.00248
 0.984914
 0.969052
 0.954704
 0.94216
 0.929804
 0.918033
 0.906827
 0.896343
 0.886856
 0.878748
 0.872334
 0.867809
 0.864898
 0.86255
 0.859152
 0.852563
 0.841187
 0.825054
 0.809242
 0.795908
 0.792601
 0.799502
 0.809033
 0.807991
 0.791388
