 -0.00022795 -0.000420317
 -0.0299499 -0.990844
 -0.087019 -1.97882
 -0.178778 -2.96275
 -0.312724 -3.9404
 -0.496806 -4.90862
 -0.739531 -5.86301
 -1.04977 -6.79752
 -1.43624 -7.70427
 -1.90676 -8.57341
 -2.46756 -9.3933
 -3.12281 -10.1506
 -3.87431 -10.8306
 -4.72114 -11.4171
 -5.65924 -11.8926
 -6.68094 -12.2391
 -7.77441 -12.4381
 -8.92324 -12.4717
 -10.1061 -12.3235
 -11.2965 -11.9795
 -12.4634 -11.4303
 -13.5711 -10.6716
 -14.5807 -9.70609
 -15.4512 -8.54474
 -16.1415 -7.20774
 -16.6121 -5.72532
 -16.8286 -4.13792
 -16.7633 -2.49577
 -16.3995 -0.857588
 -15.7332 0.711533
 -14.776 2.14325
 -13.557 3.36996
 -12.1228 4.32946
 -10.5373 4.97021
 -8.8792 5.25653
 -7.23782 5.17341
 -5.70765 4.73033
 -4.38101 3.96339
 -3.33996 2.93525
 -2.64786 1.73244
 -2.34167 0.459759
 -2.42583 -0.768014
 -2.86886 -1.83674
 -3.6036 -2.64484
 -4.53171 -3.11534
 -5.53237 -3.20633
 -6.47502 -2.91839
 -7.23464 -2.29717
 -7.70802 -1.43036
 -7.82868 -0.438325
 -7.57788 0.540731
 -6.98964 1.36974
 -6.14799 1.93322
 -5.17608 2.15599
 -4.21791 2.01679
 -3.41517 1.55366
 -2.88281 0.859391
 -2.68777 0.0665627
 -2.83538 -0.675739
 -3.2669 -1.22989
 -3.86967 -1.49698
 -4.49899 -1.43758
 -5.00788 -1.08089
 -5.27876 -0.519329
 -5.24992 0.111441
 -4.93009 0.663272
 -4.39669 1.01051
 -3.77722 1.08066
 -3.21729 0.872548
 -2.84302 0.456544
 -2.7277 -0.0443956
 -2.87211 -0.488545
 -3.20485 -0.755246
 -3.60366 -0.779384
 -3.93209 -0.569929
 -4.08105 -0.20614
 -4.00225 0.188238
 -3.72249 0.48525
 -3.33331 0.59465
 -2.95887 0.49329
 -2.71255 0.231446
 -2.65731 -0.0867821
 -2.78445 -0.342445
 -3.01893 -0.446018
 -3.24975 -0.370226
 -3.37391 -0.158491
 -3.33682 0.0946768
 -3.15243 0.283665
 -2.89492 0.335724
 -2.66495 0.240283
 -2.54531 0.0509039
 -2.56523 -0.14104
 -2.68973 -0.24906
 -2.83858 -0.230935
 -2.92599 -0.106307
 -2.90178 0.0557577
 -2.77393 0.172897
 -2.60159 0.191008
 -2.46231 0.110074
 -2.41111 -0.0188401
 -2.45278 -0.123342
 -2.5423 -0.149713
 -2.61236 -0.0910804
 -2.61209 0.0116452
 -2.53482 0.0959147
 -2.41906 0.114946
 -2.32293 0.0641056
 -2.28821 -0.0191482
 -2.31607 -0.0808791
 -2.36918 -0.0851196
 -2.39787 -0.0351832
 -2.37274 0.0312913
 -2.30225 0.0693056
 -2.22431 0.0567569
 -2.17857 0.00752612
 -2.17926 -0.0407713
 -2.20732 -0.0547123
 -2.22646 -0.0282578
 -2.21051 0.0151487
 -2.16157 0.0420294
 -2.10611 0.0343947
 -2.07307 0.0019007
 -2.07167 -0.0278613
 -2.08598 -0.0322083
 -2.08963 -0.0106905
 -2.06765 0.0165356
 -2.02754 0.0268151
 -1.99104 0.0137451
 -1.9748 -0.0090203
 -1.97684 -0.0211338
 -1.98001 -0.0135413
 -1.96825 0.00477215
 -1.94058 0.0164081
 -1.91046 0.0118382
 -1.89227 -0.00279521
 -1.88805 -0.012854
 -1.88689 -0.00959994
 -1.87645 0.00222218
 -1.85483 0.0102798
 -1.8313 0.00729927
 -1.81607 -0.00238511
 -1.81017 -0.00833803
 -1.80535 -0.00509588
 -1.79345 0.0028487
 -1.77473 0.00673146
 -1.75667 0.00306539
 -1.74531 -0.00328985
 -1.73902 -0.00521957
 -1.7311 -0.00124783
 -1.71762 0.00350151
 -1.70146 0.00369459
 -1.68826 -0.000257286
 -1.6798 -0.00333051
 -1.67239 -0.00214622
 -1.66179 0.00133705
 -1.64817 0.00273887
 -1.63542 0.000701164
 -1.62603 -0.00186225
 -1.61829 -0.00179016
 -1.60886 0.000453046
 -1.5971 0.00179601
 -1.58549 0.000698693
 -1.57615 -0.00110664
 -1.56819 -0.00122468
 -1.55923 0.000249487
 -1.54865 0.00117129
 -1.5382 0.000414939
 -1.52937 -0.000770738
 -1.52141 -0.000737646
 -1.51266 0.000287732
 -1.50292 0.000759175
 -1.49352 0.000111043
 -1.48527 -0.000586885
 -1.47741 -0.000347664
 -1.46886 0.000347214
 -1.45984 0.000434259
 -1.45134 -0.000119092
 -1.4436 -0.000407914
 -1.43584 -4.82095e-05
 -1.42756 0.000325541
 -1.41925 0.000151193
 -1.4115 -0.0002222
 -1.4041 -0.000193923
 -1.39646 0.0001294
 -1.38859 0.000199219
 -1.38098 -5.37708e-05
 -1.37378 -0.000178633
 -1.36658 3.23266e-06
 -1.35916 0.000150487
 -1.35183 2.99158e-05
 -1.34481 -0.000118342
 -1.33792 -4.54025e-05
 -1.3309 9.17058e-05
 -1.32388 5.2732e-05
 -1.31709 -6.78478e-05
 -1.31045 -5.12965e-05
 -1.30376 5.15191e-05
 -1.29706 4.84209e-05
 -1.29051 -3.77864e-05
 -1.28411 -4.17755e-05
 -1.2777 2.99189e-05
 -1.27129 3.66443e-05
 -1.26499 -2.29273e-05
 -1.25882 -2.96862e-05
 -1.25267 1.9888e-05
 -1.24652 2.50371e-05
 -1.24047 -1.63524e-05
 -1.23452 -1.90854e-05
 -1.2286 1.54522e-05
 -1.2227 1.5423e-05
 -1.21689 -1.32748e-05
 -1.21115 -1.05503e-05
 -1.20545 1.29544e-05
 -1.19977 7.79281e-06
 -1.19418 -1.10008e-05
 -1.18866 -3.89526e-06
 -1.18316 1.04862e-05
 -1.1777 2.0101e-06
 -1.17232 -8.26631e-06
 -1.16699 8.66912e-07
 -1.16168 7.33015e-06
 -1.15644 -1.7554e-06
 -1.15125 -4.84068e-06
 -1.1461 3.46644e-06
 -1.14099 3.69666e-06
 -1.13593 -3.23946e-06
 -1.13092 -1.32208e-06
 -1.12595 3.77595e-06
 -1.12103 4.84712e-07
 -1.11615 -2.5864e-06
 -1.11131 1.22341e-06
 -1.10652 2.31478e-06
 -1.10176 -1.25746e-06
 -1.09705 -7.29415e-07
 -1.09238 1.98042e-06
 -1.08775 3.71052e-07
 -1.08316 -1.15451e-06
 -1.07861 8.55919e-07
 -1.07409 1.15365e-06
 -1.06962 -6.52714e-07
 -1.06518 -8.00846e-09
 -1.06078 1.13619e-06
 -1.05642 -3.42738e-09
 -1.0521 -3.38958e-07
 -1.04781 7.71899e-07
 -1.04355 4.10011e-07
 -1.03933 -3.01325e-07
 -1.03515 4.07072e-07
 -1.031 5.52487e-07
 -1.02688 -1.27304e-07
 -1.0228 1.73674e-07
 -1.01875 5.2765e-07
 -1.01474 3.92881e-08
 -1.01076 6.80644e-08
 -1.00681 4.39481e-07
 -1.00289 1.48322e-07
 -0.998999 4.22397e-08
 -0.995143 3.48569e-07
 -0.991317 2.01449e-07
 -0.987522 5.23869e-08
 -0.983757 2.77735e-07
 -0.980021 2.16823e-07
 -0.976316 7.20676e-08
 -0.972639 2.29257e-07
 -0.968991 2.11715e-07
 -0.965372 8.94432e-08
 -0.961782 1.97934e-07
 -0.958219 1.9758e-07
 -0.954683 1.01123e-07
 -0.951176 1.77673e-07
 -0.947695 1.80613e-07
 -0.944241 1.07447e-07
 -0.940814 1.63745e-07
 -0.937413 1.63641e-07
 -0.934038 1.09874e-07
 -0.930689 1.53036e-07
 -0.927365 1.47736e-07
 -0.924067 1.09841e-07
 -0.920794 1.43651e-07
 -0.917545 1.33229e-07
 -0.914322 1.08391e-07
 -0.911122 1.34492e-07
 -0.907947 1.20221e-07
 -0.904796 1.06109e-07
 -0.901668 1.24975e-07
 -0.898564 1.08792e-07
 -0.895483 1.03176e-07
 -0.892426 1.14887e-07
 -0.889391 9.90136e-08
 -0.886379 9.94666e-08
 -0.883389 1.04333e-07
 -0.880422 9.08714e-08
 -0.877477 9.46917e-08
 -0.874553 9.36921e-08
 -0.871652 8.41458e-08
 -0.868772 8.85833e-08
 -0.865913 8.35146e-08
 -0.863076 7.83402e-08
 -0.860259 8.10993e-08
 -0.857464 7.4326e-08
 -0.854689 7.27309e-08
 -0.851935 7.25624e-08
 -0.849201 6.6377e-08
 -0.846488 6.65775e-08
 -0.843794 6.36278e-08
 -0.841121 5.94578e-08
 -0.838467 5.94332e-08
 -0.835833 5.50289e-08
 -0.833219 5.29315e-08
 -0.830624 5.13765e-08
 -0.828048 4.71933e-08
 -0.825492 4.60527e-08
 -0.822954 4.29541e-08
 -0.820436 3.99841e-08
 -0.817936 3.84156e-08
 -0.815455 3.47854e-08
 -0.812992 3.28186e-08
 -0.810548 3.01911e-08
 -0.808123 2.70816e-08
 -0.805715 2.51485e-08
 -0.803326 2.18946e-08
 -0.800955 1.95078e-08
 -0.798601 1.69054e-08
 -0.796266 1.3844e-08
 -0.793948 1.15647e-08
 -0.791648 8.4541e-09
 -0.789366 5.85401e-09
 -0.787101 3.10967e-09
 -0.784853 8.40814e-11
 -0.782623 -2.48256e-09
 -0.78041 -5.59138e-09
 -0.778214 -8.34596e-09
 -0.776036 -1.12842e-08
 -0.773874 -1.43288e-08
 -0.77173 -1.71587e-08
 -0.769602 -2.03357e-08
 -0.767492 -2.32594e-08
 -0.765398 -2.6404e-08
 -0.763321 -2.95281e-08
 -0.76126 -3.26236e-08
 -0.759217 -3.59066e-08
 -0.75719 -3.90461e-08
 -0.755179 -4.23947e-08
 -0.753186 -4.5667e-08
 -0.751208 -4.90347e-08
 -0.749247 -5.24615e-08
 -0.747303 -5.58693e-08
 -0.745375 -5.94201e-08
 -0.743464 -6.29196e-08
 -0.741569 -6.65574e-08
 -0.73969 -7.01881e-08
 -0.737828 -7.39006e-08
 -0.735982 -7.76737e-08
 -0.734152 -8.14754e-08
 -0.732339 -8.53828e-08
 -0.730542 -8.92999e-08
 -0.728761 -9.33308e-08
 -0.726997 -9.73866e-08
 -0.725249 -1.01539e-07
 -0.723517 -1.05747e-07
 -0.721802 -1.10028e-07
 -0.720103 -1.14395e-07
 -0.718421 -1.1882e-07
 -0.716755 -1.23348e-07
 -0.715106 -1.27934e-07
 -0.713473 -1.32627e-07
 -0.711856 -1.37389e-07
 -0.710256 -1.42256e-07
 -0.708673 -1.47207e-07
 -0.707106 -1.5226e-07
 -0.705556 -1.57411e-07
 -0.704023 -1.62663e-07
 -0.702507 -1.68027e-07
 -0.701008 -1.73493e-07
 -0.699525 -1.79082e-07
 -0.69806 -1.84779e-07
 -0.696611 -1.90606e-07
 -0.69518 -1.96551e-07
 -0.693766 -2.02632e-07
 -0.692369 -2.08842e-07
 -0.69099 -2.15196e-07
 -0.689629 -2.21689e-07
 -0.688285 -2.28333e-07
 -0.686958 -2.35129e-07
 -0.68565 -2.42084e-07
 -0.684359 -2.49204e-07
 -0.683087 -2.56493e-07
 -0.681833 -2.6396e-07
 -0.680597 -2.71606e-07
 -0.67938 -2.79443e-07
 -0.678181 -2.87472e-07
 -0.677001 -2.95706e-07
 -0.67584 -3.04146e-07
 -0.674699 -3.12804e-07
 -0.673576 -3.21684e-07
 -0.672473 -3.30798e-07
 -0.671389 -3.40151e-07
 -0.670326 -3.49753e-07
 -0.669282 -3.59612e-07
 -0.668258 -3.69739e-07
 -0.667255 -3.80141e-07
 -0.666273 -3.90831e-07
 -0.665311 -4.01816e-07
 -0.664371 -4.1311e-07
 -0.663452 -4.24722e-07
 -0.662554 -4.36666e-07
 -0.661679 -4.48951e-07
 -0.660825 -4.61593e-07
 -0.659994 -4.74603e-07
 -0.659185 -4.87997e-07
 -0.6584 -5.01786e-07
 -0.657638 -5.15988e-07
 -0.656899 -5.30617e-07
 -0.656184 -5.4569e-07
 -0.655494 -5.61224e-07
 -0.654828 -5.77237e-07
 -0.654187 -5.93746e-07
 -0.653571 -6.10772e-07
 -0.652981 -6.28335e-07
 -0.652417 -6.46456e-07
 -0.65188 -6.65157e-07
 -0.65137 -6.84462e-07
 -0.650887 -7.04394e-07
 -0.650432 -7.2498e-07
 -0.650005 -7.46245e-07
 -0.649607 -7.68218e-07
 -0.649238 -7.90928e-07
 -0.648899 -8.14406e-07
 -0.64859 -8.38684e-07
 -0.648313 -8.63796e-07
 -0.648066 -8.89777e-07
 -0.647852 -9.16666e-07
 -0.64767 -9.44501e-07
 -0.647522 -9.73323e-07
 -0.647408 -1.00318e-06
 -0.647328 -1.03411e-06
 -0.647283 -1.06616e-06
 -0.647275 -1.09939e-06
 -0.647303 -1.13385e-06
 -0.647368 -1.1696e-06
 -0.647472 -1.20669e-06
 -0.647615 -1.24519e-06
 -0.647798 -1.28516e-06
 -0.648022 -1.32667e-06
 -0.648288 -1.3698e-06
 -0.648596 -1.41463e-06
 -0.648948 -1.46123e-06
 -0.649345 -1.5097e-06
 -0.649787 -1.56013e-06
 -0.650277 -1.6126e-06
 -0.650814 -1.66724e-06
 -0.6514 -1.72414e-06
 -0.652037 -1.78342e-06
 -0.652725 -1.84521e-06
 -0.653466 -1.90963e-06
 -0.654261 -1.97682e-06
 -0.655111 -2.04694e-06
 -0.656019 -2.12012e-06
 -0.656985 -2.19655e-06
 -0.658012 -2.2764e-06
 -0.6591 -2.35985e-06
 -0.660251 -2.4471e-06
 -0.661468 -2.53837e-06
 -0.662752 -2.63389e-06
 -0.664104 -2.73388e-06
 -0.665527 -2.83862e-06
 -0.667024 -2.94837e-06
 -0.668595 -3.06343e-06
 -0.670243 -3.18411e-06
 -0.671971 -3.31076e-06
 -0.673781 -3.44378e-06
 -0.675675 -3.58361e-06
 -0.677657 -3.73066e-06
 -0.679728 -3.88524e-06
 -0.681892 -4.04776e-06
 -0.684151 -4.21877e-06
 -0.68651 -4.3989e-06
 -0.68897 -4.58873e-06
 -0.691535 -4.7889e-06
 -0.69421 -5.00012e-06
 -0.696997 -5.22336e-06
 -0.6999 -5.46034e-06
 -0.702924 -5.71181e-06
 -0.706073 -5.96698e-06
 -0.709351 -6.18447e-06
 -0.712763 -6.32989e-06
 -0.716314 -6.63384e-06
 -0.720007 -8.08978e-06
 -0.723851 -1.24651e-05
 -0.727856 -2.04065e-05
 -0.732034 -2.74761e-05
 -0.736397 -2.16103e-05
 -0.740935 2.86674e-06
 -0.745628 -6.04314e-07
 -0.750505 -1.63013e-06
 -0.755577 -1.43496e-06
 -0.760855 -8.571e-07
 -0.766346 -6.87e-08
 -0.772057 -2.82415e-06
 -0.778011 -2.11355e-05
 -0.784279 -3.88549e-05
 -0.790941 0.000174619
 -0.797448 0.00124804
 -0.801065 0.00280393
 -0.797819 -0.00269302
 -0.797705 -0.0372975
 -0.861234 -0.118131
 -1.1144 -0.168677
 -1.63601 0.106965
 -2.19464 1.20448
 -2.10313 3.51605
 -0.586098 7.04477
