 -0.00111639
 2.89459
 11.5288
 25.7579
 45.193
 69.024
 95.7902
 123.227
 148.163
 166.654
 174.529
 168.548
 147.659
 114.279
 74.8619
 38.7847
 15.3438
 9.62579
 19.2304
 34.4369
 43.2188
 38.7648
 24.613
 11.9499
 9.95648
 17.1453
 23.0663
 19.9047
 11.4858
 7.91886
 11.8195
 15.1525
 11.8855
 7.2173
 8.0034
 10.8163
 9.21979
 6.14982
 6.99372
 8.35717
 6.43241
 5.34035
 6.59834
 6.03113
 4.72897
 5.40299
 5.24195
 4.2618
 4.69256
 4.46357
 3.85861
 4.18687
 3.78018
 3.57342
 3.69228
 3.27574
 3.35463
 3.17488
 3.02844
 3.02911
 2.80458
 2.83158
 2.64827
 2.6337
 2.51133
 2.46134
 2.37892
 2.3153
 2.25183
 2.17752
 2.1195
 2.06273
 2.00729
 1.95995
 1.89771
 1.91062
 2.02245
 1.92644
 1.42066
 1.78247
