 2.31084e+113
 -2.50835e+115
 -1.53859e+116
 -3.64071e+116
 -3.65153e+118
 7.86974e+119
 -1.46334e+121
 1.57488e+122
 -1.40521e+123
 9.71373e+123
 -5.71292e+124
 3.01179e+125
 -1.35701e+126
 5.62869e+126
 -2.1334e+127
 7.21608e+127
 -2.27161e+128
 6.88703e+128
 -1.95711e+129
 5.19346e+129
 -1.29777e+130
 3.06371e+130
 -6.85604e+130
 1.46175e+131
 -2.96686e+131
 5.73723e+131
 -1.06012e+132
 1.87527e+132
 -3.18093e+132
 5.18166e+132
 -8.1171e+132
 1.22435e+133
 -1.78037e+133
 2.49875e+133
 -3.38875e+133
 4.44578e+133
 -5.64855e+133
 6.95825e+133
 -8.32037e+133
 9.66906e+133
 -1.09337e+134
 1.20463e+134
 -1.29491e+134
 1.35999e+134
 -1.39761e+134
 1.40751e+134
 -1.39132e+134
 1.3522e+134
 -1.2944e+134
 1.22289e+134
 -1.14295e+134
 1.0599e+134
 -9.78808e+133
 9.04383e+133
 -8.40745e+133
 7.91282e+133
 -7.58501e+133
 7.43923e+133
 -7.48047e+133
 7.70419e+133
 -8.09804e+133
 8.64475e+133
 -9.32567e+133
 1.01248e+134
 -1.10331e+134
 1.20518e+134
 -1.31965e+134
 1.45007e+134
 -1.60203e+134
 1.78416e+134
 -2.00935e+134
 2.29687e+134
 -2.67563e+134
 3.18819e+134
 -3.89451e+134
 4.87138e+134
 -6.19972e+134
 7.92506e+134
 -9.96899e+134
 1.19627e+135
 -1.29759e+135
 1.1138e+135
 -3.20842e+134
 -1.57195e+135
 5.19967e+135
 -1.12004e+136
 1.98551e+136
 -3.03838e+136
 3.97782e+136
 -4.11167e+136
 2.14782e+136
 4.0116e+136
 -1.73829e+137
 4.177e+137
 -8.11782e+137
 1.38522e+138
 -2.13398e+138
 2.98808e+138
 -3.7697e+138
 4.0322e+138
