 17.7074
 24.8654
 35.3326
 48.7906
 64.414
 81.7275
 99.618
 116.801
 131.854
 143.281
 149.68
 149.977
 143.683
 131.12
 113.53
 92.9978
 72.152
 53.6502
 39.5551
 30.7942
 26.9177
 26.3104
 26.8401
 26.709
 25.1246
 22.4404
 19.6808
 17.7478
 16.825
 16.3843
 15.7361
 14.6295
 13.3759
 12.4296
 11.8949
 11.4769
 10.8809
 10.1518
 9.54854
 9.16524
 8.82947
 8.38646
 7.91545
 7.56304
 7.2983
 6.99275
 6.65061
 6.37224
 6.15251
 5.90922
 5.65383
 5.44672
 5.26142
 5.05679
 4.86761
 4.70907
 4.54423
 4.38054
 4.24105
 4.10265
 3.96318
 3.84133
 3.72146
 3.60224
 3.49634
 3.39072
 3.28853
 3.19587
 3.10212
 3.01476
 2.93229
 2.85013
 2.77561
 2.70252
 2.63492
 2.57464
 2.51947
 2.47531
 2.43798
 2.41189
