 0.243381
 3.68347
 12.3225
 25.2903
 41.6528
 60.4126
 80.2275
 99.2628
 115.322
 125.998
 129.203
 123.671
 109.57
 88.9271
 65.5816
 44.3295
 29.4788
 23.0941
 23.9952
 28.1589
 30.8004
 29.097
 23.8301
 18.4889
 16.2156
 17.0675
 18.2025
 17.0444
 14.1184
 12.1685
 12.4046
 12.9989
 12.0006
 10.2991
 9.8716
 10.3101
 9.81796
 8.71532
 8.53082
 8.71821
 8.07931
 7.5041
 7.65351
 7.39039
 6.81623
 6.86064
 6.71742
 6.24174
 6.27934
 6.10441
 5.74336
 5.80613
 5.55736
 5.36685
 5.38531
 5.09339
 5.08766
 4.93619
 4.78917
 4.77282
 4.56307
 4.57651
 4.39287
 4.37688
 4.24383
 4.19287
 4.09817
 4.02687
 3.95448
 3.87507
 3.80084
 3.71443
 3.61467
 3.50887
 3.32457
 3.05285
 2.62189
 1.25413
 -1.0495
 0.76471
