 -0.000202438 -0.00457252
 -0.0766392 -0.998393
 -0.164745 -1.98865
 -0.275227 -2.96882
 -0.41925 -3.93975
 -0.60772 -4.89987
 -0.851089 -5.84529
 -1.15922 -6.77034
 -1.54117 -7.66759
 -2.00491 -8.52784
 -2.55698 -9.34003
 -3.20209 -10.0912
 -3.94265 -10.7667
 -4.77827 -11.3502
 -5.70528 -11.824
 -6.71616 -12.1697
 -7.7991 -12.3685
 -8.93761 -12.4026
 -10.1103 -12.2555
 -11.2906 -11.9137
 -12.4475 -11.3676
 -13.5455 -10.6133
 -14.546 -9.65356
 -15.4081 -8.49951
 -16.091 -7.17135
 -16.5557 -5.69922
 -16.7681 -4.1234
 -16.7011 -2.49381
 -16.3381 -0.868721
 -15.6755 0.687351
 -14.725 2.10675
 -13.5156 3.32265
 -12.0937 4.27365
 -10.5226 4.90898
 -8.88016 5.19361
 -7.25484 5.11299
 -5.73987 4.67675
 -4.42629 3.92079
 -3.39489 2.90716
 -2.70799 1.72136
 -2.40175 0.466791
 -2.48029 -0.743454
 -2.9124 -1.79703
 -3.6318 -2.59409
 -4.54161 -3.05906
 -5.523 -3.15092
 -6.44768 -2.8704
 -7.19292 -2.26247
 -7.65754 -1.41325
 -7.77639 -0.440874
 -7.5312 0.519196
 -6.95533 1.33271
 -6.13108 1.88663
 -5.17893 2.10742
 -4.23965 1.97427
 -3.45171 1.52433
 -2.92736 0.848139
 -2.73199 0.0750261
 -2.87093 -0.649648
 -3.28706 -1.19173
 -3.87081 -1.45478
 -4.48142 -1.40024
 -4.97595 -1.05629
 -5.24001 -0.512502
 -5.21342 0.0995325
 -4.90435 0.63609
 -4.38755 0.975203
 -3.78633 1.04633
 -3.24157 0.847973
 -2.87544 0.447794
 -2.75913 -0.0356328
 -2.89382 -0.465497
 -3.2111 -0.725171
 -3.59334 -0.75146
 -3.90914 -0.552472
 -4.05322 -0.204015
 -3.97864 0.175166
 -3.71055 0.462065
 -3.33636 0.569653
 -2.97502 0.475133
 -2.73535 0.226081
 -2.67818 -0.0782103
 -2.79585 -0.323955
 -3.01718 -0.425194
 -3.23637 -0.355231
 -3.35496 -0.154836
 -3.32028 0.0862923
 -3.14495 0.267525
 -2.89899 0.319159
 -2.678 0.230436
 -2.56094 0.0515991
 -2.57626 -0.130905
 -2.69145 -0.234841
 -2.83092 -0.219587
 -2.91333 -0.103012
 -2.89067 0.050038
 -2.76976 0.161725
 -2.60589 0.180476
 -2.47217 0.105555
 -2.42088 -0.0154818
 -2.45724 -0.114577
 -2.53948 -0.140789
 -2.60446 -0.0869693
 -2.60403 0.00904229
 -2.53126 0.0886958
 -2.42167 0.107758
 -2.32959 0.0612324
 -2.29451 -0.0163638
 -2.31815 -0.0746871
 -2.36613 -0.0797325
 -2.39213 -0.0339662
 -2.36829 0.0279489
 -2.30191 0.0640529
 -2.2279 0.0533046
 -2.18325 0.00804717
 -2.18168 -0.0370385
 -2.20601 -0.0507216
 -2.22274 -0.026889
 -2.20733 0.013172
 -2.16122 0.0385118
 -2.10855 0.0321288
 -2.07616 0.00247231
 -2.07295 -0.025199
 -2.08465 -0.0297653
 -2.08703 -0.0103824
 -2.06602 0.0146955
 -2.0281 0.0245672
 -1.99308 0.0129952
 -1.97645 -0.0078139
 -1.97674 -0.0192233
 -1.97844 -0.0126581
 -1.96676 0.00397395
 -1.94048 0.0148327
 -1.91167 0.0109921
 -1.89353 -0.00222983
 -1.88819 -0.01157
 -1.88592 -0.00888574
 -1.87542 0.00175901
 -1.85474 0.00922755
 -1.83212 0.00675196
 -1.81688 -0.0019535
 -1.81017 -0.0074818
 -1.80464 -0.00473324
 -1.79285 0.00240977
 -1.77485 0.00604665
 -1.75729 0.00288166
 -1.74571 -0.00284448
 -1.7388 -0.00470565
 -1.73058 -0.00123222
 -1.71741 0.00306705
 -1.70175 0.00335119
 -1.68866 -0.000137589
 -1.67984 -0.00294715
 -1.67208 -0.00197593
 -1.66153 0.00112496
 -1.64827 0.00244505
 -1.6357 0.000684655
 -1.62613 -0.00162111
 -1.61811 -0.00162065
 -1.60866 0.000352427
 -1.59712 0.00158725
 -1.58568 0.000657676
 -1.57624 -0.000952776
 -1.56808 -0.00110134
 -1.55909 0.000186634
 -1.54867 0.00103043
 -1.53833 0.000392297
 -1.52942 -0.000663036
 -1.52133 -0.000664275
 -1.51258 0.000231471
 -1.50295 0.000668892
 -1.4936 0.000116083
 -1.48529 -0.000508506
 -1.47734 -0.000318259
 -1.46882 0.000292436
 -1.45988 0.000386128
 -1.45139 -9.23902e-05
 -1.44358 -0.000357575
 -1.43579 -5.29359e-05
 -1.42755 0.000280618
 -1.41929 0.000139272
 -1.41152 -0.000188759
 -1.40408 -0.000174054
 -1.39644 0.000106481
 -1.38861 0.00017536
 -1.38101 -4.1488e-05
 -1.37377 -0.000156007
 -1.36656 -2.23894e-06
 -1.35917 0.000129643
 -1.35185 2.95094e-05
 -1.34481 -0.000101491
 -1.3379 -4.25219e-05
 -1.3309 7.75127e-05
 -1.32389 4.75631e-05
 -1.3171 -5.72365e-05
 -1.31044 -4.61592e-05
 -1.30376 4.26968e-05
 -1.29707 4.2736e-05
 -1.29052 -3.14152e-05
 -1.28411 -3.70963e-05
 -1.2777 2.43607e-05
 -1.27129 3.2014e-05
 -1.265 -1.89173e-05
 -1.25882 -2.62675e-05
 -1.25266 1.60645e-05
 -1.24652 2.17761e-05
 -1.24047 -1.35497e-05
 -1.23452 -1.69663e-05
 -1.2286 1.25408e-05
 -1.2227 1.34191e-05
 -1.21689 -1.1138e-05
 -1.21115 -9.55041e-06
 -1.20544 1.0628e-05
 -1.19978 6.82855e-06
 -1.19418 -9.36869e-06
 -1.18865 -3.78078e-06
 -1.18316 8.69484e-06
 -1.1777 1.83016e-06
 -1.17232 -7.1632e-06
 -1.16699 3.71708e-07
 -1.16168 6.12826e-06
 -1.15644 -1.45605e-06
 -1.15125 -4.32097e-06
 -1.1461 2.6887e-06
 -1.14099 3.10196e-06
 -1.13593 -2.80451e-06
 -1.13092 -1.34608e-06
 -1.12595 3.05128e-06
 -1.12103 3.79547e-07
 -1.11615 -2.31967e-06
 -1.11131 8.49603e-07
 -1.10652 1.87888e-06
 -1.10176 -1.13358e-06
 -1.09705 -7.73024e-07
 -1.09238 1.54957e-06
 -1.08775 2.50325e-07
 -1.08316 -1.08708e-06
 -1.07861 5.87116e-07
 -1.07409 8.92997e-07
 -1.06962 -6.34622e-07
 -1.06518 -1.29798e-07
 -1.06078 8.61294e-07
 -1.05642 -7.77533e-08
 -1.0521 -3.89857e-07
 -1.04781 5.47996e-07
 -1.04355 2.69317e-07
 -1.03933 -3.42873e-07
 -1.03515 2.43338e-07
 -1.031 3.85738e-07
 -1.02688 -1.87131e-07
 -1.0228 5.35285e-08
 -1.01875 3.63014e-07
 -1.01474 -4.21688e-08
 -1.01076 -2.81752e-08
 -1.00681 2.89404e-07
 -1.00289 5.2077e-08
 -0.998999 -4.37903e-08
 -0.995143 2.15177e-07
 -0.991317 9.85396e-08
 -0.987522 -3.04602e-08
 -0.983757 1.58637e-07
 -0.980021 1.13208e-07
 -0.976316 -1.01666e-08
 -0.972639 1.21087e-07
 -0.968991 1.10808e-07
 -0.965372 7.47542e-09
 -0.961782 9.78398e-08
 -0.958219 1.00949e-07
 -0.954683 1.98757e-08
 -0.951176 8.36548e-08
 -0.947695 8.87541e-08
 -0.944241 2.748e-08
 -0.940814 7.45392e-08
 -0.937413 7.65207e-08
 -0.934038 3.1603e-08
 -0.930689 6.78928e-08
 -0.927365 6.50977e-08
 -0.924067 3.34998e-08
 -0.920794 6.21502e-08
 -0.917545 5.47305e-08
 -0.914322 3.40703e-08
 -0.911122 5.64108e-08
 -0.907947 4.549e-08
 -0.904796 3.38207e-08
 -0.901668 5.01978e-08
 -0.898564 3.74385e-08
 -0.895483 3.29128e-08
 -0.892426 4.3341e-08
 -0.889391 3.06415e-08
 -0.886379 3.12466e-08
 -0.883389 3.59337e-08
 -0.880422 2.50957e-08
 -0.877477 2.85788e-08
 -0.874553 2.82985e-08
 -0.871652 2.06285e-08
 -0.868772 2.46798e-08
 -0.865913 2.09038e-08
 -0.863076 1.68338e-08
 -0.860259 1.95063e-08
 -0.857464 1.42026e-08
 -0.854689 1.31097e-08
 -0.851935 1.3321e-08
 -0.849201 8.4204e-09
 -0.846488 8.83274e-09
 -0.843794 6.67067e-09
 -0.841121 3.39575e-09
 -0.838467 3.61932e-09
 -0.835833 1.74955e-10
 -0.833219 -1.39669e-09
 -0.830624 -2.4748e-09
 -0.828048 -5.79632e-09
 -0.825492 -6.58285e-09
 -0.822954 -8.9959e-09
 -0.820436 -1.13466e-08
 -0.817936 -1.25108e-08
 -0.815455 -1.5421e-08
 -0.812992 -1.696e-08
 -0.810548 -1.9045e-08
 -0.808123 -2.15648e-08
 -0.805715 -2.31002e-08
 -0.803326 -2.57546e-08
 -0.800955 -2.77027e-08
 -0.798601 -2.98316e-08
 -0.796266 -3.2368e-08
 -0.793948 -3.42554e-08
 -0.791648 -3.68516e-08
 -0.789366 -3.9037e-08
 -0.787101 -4.13487e-08
 -0.784853 -4.39149e-08
 -0.782623 -4.61049e-08
 -0.78041 -4.87628e-08
 -0.778214 -5.11382e-08
 -0.776036 -5.36767e-08
 -0.773874 -5.6321e-08
 -0.77173 -5.87951e-08
 -0.769602 -6.15748e-08
 -0.767492 -6.41552e-08
 -0.765398 -6.69326e-08
 -0.763321 -6.97082e-08
 -0.76126 -7.24711e-08
 -0.759217 -7.54065e-08
 -0.75719 -7.82342e-08
 -0.755179 -8.12514e-08
 -0.753186 -8.4219e-08
 -0.751208 -8.72798e-08
 -0.749247 -9.04057e-08
 -0.747303 -9.35291e-08
 -0.745375 -9.67879e-08
 -0.743464 -1.00018e-07
 -0.741569 -1.0338e-07
 -0.73969 -1.0675e-07
 -0.737828 -1.10205e-07
 -0.735982 -1.13727e-07
 -0.734152 -1.17288e-07
 -0.732339 -1.20955e-07
 -0.730542 -1.24646e-07
 -0.728761 -1.2845e-07
 -0.726997 -1.32292e-07
 -0.725249 -1.36231e-07
 -0.723517 -1.40236e-07
 -0.721802 -1.4432e-07
 -0.720103 -1.48494e-07
 -0.718421 -1.52737e-07
 -0.716755 -1.57084e-07
 -0.715106 -1.615e-07
 -0.713473 -1.66027e-07
 -0.711856 -1.70631e-07
 -0.710256 -1.75345e-07
 -0.708673 -1.8015e-07
 -0.707106 -1.85062e-07
 -0.705556 -1.90081e-07
 -0.704023 -1.95205e-07
 -0.702507 -2.00448e-07
 -0.701008 -2.05801e-07
 -0.699525 -2.11282e-07
 -0.69806 -2.16878e-07
 -0.696611 -2.2261e-07
 -0.69518 -2.28468e-07
 -0.693766 -2.34467e-07
 -0.692369 -2.40603e-07
 -0.69099 -2.46888e-07
 -0.689629 -2.5332e-07
 -0.688285 -2.5991e-07
 -0.686958 -2.66658e-07
 -0.68565 -2.73573e-07
 -0.684359 -2.80659e-07
 -0.683087 -2.87921e-07
 -0.681833 -2.95368e-07
 -0.680597 -3.03002e-07
 -0.67938 -3.10833e-07
 -0.678181 -3.18865e-07
 -0.677001 -3.27108e-07
 -0.67584 -3.35565e-07
 -0.674699 -3.44248e-07
 -0.673576 -3.53161e-07
 -0.672473 -3.62315e-07
 -0.671389 -3.71716e-07
 -0.670326 -3.81375e-07
 -0.669282 -3.91298e-07
 -0.668258 -4.01497e-07
 -0.667255 -4.11981e-07
 -0.666273 -4.22761e-07
 -0.665311 -4.33845e-07
 -0.664371 -4.45247e-07
 -0.663452 -4.56975e-07
 -0.662554 -4.69045e-07
 -0.661679 -4.81466e-07
 -0.660825 -4.94254e-07
 -0.659994 -5.07419e-07
 -0.659185 -5.20977e-07
 -0.6584 -5.34942e-07
 -0.657638 -5.4933e-07
 -0.656899 -5.64156e-07
 -0.656184 -5.79437e-07
 -0.655494 -5.9519e-07
 -0.654828 -6.11433e-07
 -0.654187 -6.28185e-07
 -0.653571 -6.45466e-07
 -0.652981 -6.63296e-07
 -0.652417 -6.81697e-07
 -0.65188 -7.00692e-07
 -0.65137 -7.20303e-07
 -0.650887 -7.40555e-07
 -0.650432 -7.61475e-07
 -0.650005 -7.8309e-07
 -0.649607 -8.05427e-07
 -0.649238 -8.28517e-07
 -0.648899 -8.5239e-07
 -0.64859 -8.7708e-07
 -0.648313 -9.02621e-07
 -0.648066 -9.29048e-07
 -0.647852 -9.56401e-07
 -0.64767 -9.84718e-07
 -0.647522 -1.01404e-06
 -0.647408 -1.04442e-06
 -0.647328 -1.07589e-06
 -0.647283 -1.10851e-06
 -0.647275 -1.14232e-06
 -0.647303 -1.17739e-06
 -0.647368 -1.21376e-06
 -0.647472 -1.25151e-06
 -0.647615 -1.29068e-06
 -0.647798 -1.33136e-06
 -0.648022 -1.3736e-06
 -0.648288 -1.41749e-06
 -0.648596 -1.46311e-06
 -0.648948 -1.51053e-06
 -0.649345 -1.55984e-06
 -0.649787 -1.61114e-06
 -0.650277 -1.66453e-06
 -0.650814 -1.72011e-06
 -0.6514 -1.77799e-06
 -0.652037 -1.83829e-06
 -0.652725 -1.90114e-06
 -0.653466 -1.96665e-06
 -0.654261 -2.03498e-06
 -0.655111 -2.10628e-06
 -0.656019 -2.18069e-06
 -0.656985 -2.25839e-06
 -0.658012 -2.33956e-06
 -0.6591 -2.42438e-06
 -0.660251 -2.51305e-06
 -0.661468 -2.6058e-06
 -0.662752 -2.70284e-06
 -0.664104 -2.80443e-06
 -0.665527 -2.91082e-06
 -0.667024 -3.02229e-06
 -0.668595 -3.13914e-06
 -0.670243 -3.26169e-06
 -0.671971 -3.39027e-06
 -0.673781 -3.52524e-06
 -0.675675 -3.66701e-06
 -0.677657 -3.81597e-06
 -0.679728 -3.97259e-06
 -0.681892 -4.13733e-06
 -0.684151 -4.31073e-06
 -0.68651 -4.49332e-06
 -0.68897 -4.68572e-06
 -0.691535 -4.88855e-06
 -0.69421 -5.10253e-06
 -0.696997 -5.32839e-06
 -0.6999 -5.56694e-06
 -0.702924 -5.81905e-06
 -0.706073 -6.08568e-06
 -0.709351 -6.36783e-06
 -0.712763 -6.66663e-06
 -0.716314 -6.98328e-06
 -0.720009 -7.31907e-06
 -0.723853 -7.67544e-06
 -0.727852 -8.05393e-06
 -0.732013 -8.45621e-06
 -0.73634 -8.8841e-06
 -0.740842 -9.33969e-06
 -0.745524 -9.82656e-06
 -0.750395 -1.03477e-05
 -0.755461 -1.08689e-05
 -0.760732 -1.125e-05
 -0.766214 -1.17768e-05
 -0.771917 -1.63104e-05
 -0.777863 -3.45725e-05
 -0.784119 -4.26453e-05
 -0.790737 0.000188972
 -0.797134 0.00121703
 -0.800714 0.00250296
 -0.798035 -0.00330615
 -0.799167 -0.0367528
 -0.860999 -0.112941
 -1.0999 -0.160358
 -1.58876 0.0921467
 -2.12022 1.09537
 -2.07357 3.21106
 -0.742377 6.45484
